74207424 15 1 3 1 1 1 1 1 1 1 1 1 4 3 3 3 3 2 2 2 2 2
74207424 27 1 3 1 1 1 1 1 1 1 1 1 4 3 3 2 3 3 2 2 2 2
74207424 31 2 3 1 1 1 1 1 1 1 1 1 5 3 3 3 3 3 2 2 2 2
74207424 57 1 3 1 1 1 1 1 1 1 1 1 4 3 2 2 3 3 3 2 2 2
74207424 59 2 3 1 1 1 1 1 1 1 1 1 5 3 3 2 3 3 3 2 2 2
74207424 71 1 3 1 1 1 1 1 1 1 1 1 4 3 3 3 2 2 2 3 2 2
74207424 75 1 3 1 1 1 1 1 1 1 1 1 4 3 3 2 3 2 2 3 2 2
74207424 78 1 3 1 1 1 1 1 1 1 1 1 4 2 3 3 3 2 2 3 2 2
74207424 79 2 3 1 1 1 1 1 1 1 1 1 5 3 3 3 3 2 2 3 2 2
74207424 89 1 3 1 1 1 1 1 1 1 1 1 4 3 2 2 3 3 2 3 2 2
74207424 90 1 3 1 1 1 1 1 1 1 1 1 4 2 3 2 3 3 2 3 2 2
74207424 91 2 3 1 1 1 1 1 1 1 1 1 5 3 3 2 3 3 2 3 2 2
74207424 94 2 3 1 1 1 1 1 1 1 1 1 5 2 3 3 3 3 2 3 2 2
74207424 121 2 3 1 1 1 1 1 1 1 1 1 5 3 2 2 3 3 3 3 2 2
74207424 122 2 3 1 1 1 1 1 1 1 1 1 5 2 3 2 3 3 3 3 2 2
74207424 195 1 3 1 1 1 1 1 1 1 1 1 4 3 3 2 2 2 2 3 3 2
74207424 197 1 3 1 1 1 1 1 1 1 1 1 4 3 2 3 2 2 2 3 3 2
74207424 199 2 3 1 1 1 1 1 1 1 1 1 5 3 3 3 2 2 2 3 3 2
74207424 203 2 3 1 1 1 1 1 1 1 1 1 5 3 3 2 3 2 2 3 3 2
74207424 205 2 3 1 1 1 1 1 1 1 1 1 5 3 2 3 3 2 2 3 3 2
78012608 15 1 3 1 1 1 1 1 1 1 1 1 4 3 3 3 3 2 2 2 2 2
78012608 27 1 3 1 1 1 1 1 1 1 1 1 4 3 3 2 3 3 2 2 2 2
78012608 29 1 3 1 1 1 1 1 1 1 1 1 4 3 2 3 3 3 2 2 2 2
78012608 31 2 3 1 1 1 1 1 1 1 1 1 5 3 3 3 3 3 2 2 2 2
78012608 53 1 3 1 1 1 1 1 1 1 1 1 4 3 2 3 2 3 3 2 2 2
78012608 55 2 3 1 1 1 1 1 1 1 1 1 5 3 3 3 2 3 3 2 2 2
78012608 60 1 3 1 1 1 1 1 1 1 1 1 4 2 2 3 3 3 3 2 2 2
78012608 61 2 3 1 1 1 1 1 1 1 1 1 5 3 2 3 3 3 3 2 2 2
78012608 124 2 3 1 1 1 1 1 1 1 1 1 5 2 2 3 3 3 3 3 2 2
78012608 135 1 3 1 1 1 1 1 1 1 1 1 4 3 3 3 2 2 2 2 3 2
78012608 141 1 3 1 1 1 1 1 1 1 1 1 4 3 2 3 3 2 2 2 3 2
78012608 143 2 3 1 1 1 1 1 1 1 1 1 5 3 3 3 3 2 2 2 3 2
78012608 153 1 3 1 1 1 1 1 1 1 1 1 4 3 2 2 3 3 2 2 3 2
78012608 155 2 3 1 1 1 1 1 1 1 1 1 5 3 3 2 3 3 2 2 3 2
78012608 157 2 3 1 1 1 1 1 1 1 1 1 5 3 2 3 3 3 2 2 3 2
78012608 181 2 3 1 1 1 1 1 1 1 1 1 5 3 2 3 2 3 3 2 3 2
78012608 387 1 3 1 1 1 1 1 1 1 1 1 4 3 3 2 2 2 2 2 3 3
78012608 391 2 3 1 1 1 1 1 1 1 1 1 5 3 3 3 2 2 2 2 3 3
78270656 15 1 3 1 1 1 1 1 1 1 1 1 4 3 3 3 3 2 2 2 2 2
78270656 27 1 3 1 1 1 1 1 1 1 1 1 4 3 3 2 3 3 2 2 2 2
78270656 30 1 3 1 1 1 1 1 1 1 1 1 4 2 3 3 3 3 2 2 2 2
78270656 31 2 3 1 1 1 1 1 1 1 1 1 5 3 3 3 3 3 2 2 2 2
78270656 51 1 3 1 1 1 1 1 1 1 1 1 4 3 3 2 2 3 3 2 2 2
78270656 53 1 3 1 1 1 1 1 1 1 1 1 4 3 2 3 2 3 3 2 2 2
78270656 54 1 3 1 1 1 1 1 1 1 1 1 4 2 3 3 2 3 3 2 2 2
78270656 55 2 3 1 1 1 1 1 1 1 1 1 5 3 3 3 2 3 3 2 2 2
78270656 60 1 3 1 1 1 1 1 1 1 1 1 4 2 2 3 3 3 3 2 2 2
78270656 61 2 3 1 1 1 1 1 1 1 1 1 5 3 2 3 3 3 3 2 2 2
78270656 99 1 3 1 1 1 1 1 1 1 1 1 4 3 3 2 2 2 3 3 2 2
78270656 102 1 3 1 1 1 1 1 1 1 1 1 4 2 3 3 2 2 3 3 2 2
78270656 103 2 3 1 1 1 1 1 1 1 1 1 5 3 3 3 2 2 3 3 2 2
78270656 107 2 3 1 1 1 1 1 1 1 1 1 5 3 3 2 3 2 3 3 2 2
78270656 108 1 3 1 1 1 1 1 1 1 1 1 4 2 2 3 3 2 3 3 2 2
78270656 109 2 3 1 1 1 1 1 1 1 1 1 5 3 2 3 3 2 3 3 2 2
78270656 110 2 3 1 1 1 1 1 1 1 1 1 5 2 3 3 3 2 3 3 2 2
78270656 121 2 3 1 1 1 1 1 1 1 1 1 5 3 2 2 3 3 3 3 2 2
78270656 122 2 3 1 1 1 1 1 1 1 1 1 5 2 3 2 3 3 3 3 2 2
78270656 205 2 3 1 1 1 1 1 1 1 1 1 5 3 2 3 3 2 2 3 3 2
215490688 31 1 3 1 1 1 1 1 1 1 1 1 5 2 2 3 3 3 2 2 2 2
215490688 47 1 3 1 1 1 1 1 1 1 1 1 5 2 2 3 3 2 3 2 2 2
215490688 59 1 3 1 1 1 1 1 1 1 1 1 5 2 2 2 3 3 3 2 2 2
215490688 61 1 3 1 1 1 1 1 1 1 1 1 5 2 1 3 3 3 3 2 2 2
215490688 121 1 3 1 1 1 1 1 1 1 1 1 5 2 1 2 3 3 3 3 2 2
215490688 124 1 3 1 1 1 1 1 1 1 1 1 5 1 1 3 3 3 3 3 2 2
215490688 143 1 3 1 1 1 1 1 1 1 1 1 5 2 2 3 3 2 2 2 3 2
215490688 155 1 3 1 1 1 1 1 1 1 1 1 5 2 2 2 3 3 2 2 3 2
215490688 157 1 3 1 1 1 1 1 1 1 1 1 5 2 1 3 3 3 2 2 3 2
215490688 158 1 3 1 1 1 1 1 1 1 1 1 5 1 2 3 3 3 2 2 3 2
215490688 171 1 3 1 1 1 1 1 1 1 1 1 5 2 2 2 3 2 3 2 3 2
215490688 173 1 3 1 1 1 1 1 1 1 1 1 5 2 1 3 3 2 3 2 3 2
215490688 174 1 3 1 1 1 1 1 1 1 1 1 5 1 2 3 3 2 3 2 3 2
215490688 185 1 3 1 1 1 1 1 1 1 1 1 5 2 1 2 3 3 3 2 3 2
215490688 186 1 3 1 1 1 1 1 1 1 1 1 5 1 2 2 3 3 3 2 3 2
215490688 188 1 3 1 1 1 1 1 1 1 1 1 5 1 1 3 3 3 3 2 3 2
215490688 248 1 3 1 1 1 1 1 1 1 1 1 5 1 1 2 3 3 3 3 3 2
215490688 391 1 3 1 1 1 1 1 1 1 1 1 5 2 2 3 2 2 2 2 3 3
215490688 395 1 3 1 1 1 1 1 1 1 1 1 5 2 2 2 3 2 2 2 3 3
215490688 397 1 3 1 1 1 1 1 1 1 1 1 5 2 1 3 3 2 2 2 3 3
215490688 409 1 3 1 1 1 1 1 1 1 1 1 5 2 1 2 3 3 2 2 3 3
215490688 412 1 3 1 1 1 1 1 1 1 1 1 5 1 1 3 3 3 2 2 3 3
215490688 425 1 3 1 1 1 1 1 1 1 1 1 5 2 1 2 3 2 3 2 3 3
215490688 428 1 3 1 1 1 1 1 1 1 1 1 5 1 1 3 3 2 3 2 3 3
215490688 440 1 3 1 1 1 1 1 1 1 1 1 5 1 1 2 3 3 3 2 3 3
215506944 31 1 3 1 1 1 1 1 1 1 1 1 5 1 3 3 3 3 2 2 2 2
215506944 47 1 3 1 1 1 1 1 1 1 1 1 5 1 3 3 3 2 3 2 2 2
215506944 59 1 3 1 1 1 1 1 1 1 1 1 5 1 3 2 3 3 3 2 2 2
215506944 62 1 3 1 1 1 1 1 1 1 1 1 5 0 3 3 3 3 3 2 2 2
215506944 121 1 3 1 1 1 1 1 1 1 1 1 5 1 2 2 3 3 3 3 2 2
215506944 122 1 3 1 1 1 1 1 1 1 1 1 5 0 3 2 3 3 3 3 2 2
215506944 171 1 3 1 1 1 1 1 1 1 1 1 5 1 3 2 3 2 3 2 3 2
215506944 174 1 3 1 1 1 1 1 1 1 1 1 5 0 3 3 3 2 3 2 3 2
223101056 31 1 3 1 1 1 1 1 1 1 1 1 5 2 2 3 3 3 2 2 2 2
223101056 47 1 3 1 1 1 1 1 1 1 1 1 5 2 2 3 3 2 3 2 2 2
223101056 59 1 3 1 1 1 1 1 1 1 1 1 5 2 2 2 3 3 3 2 2 2
223101056 61 1 3 1 1 1 1 1 1 1 1 1 5 2 1 3 3 3 3 2 2 2
223101056 109 1 3 1 1 1 1 1 1 1 1 1 5 2 1 3 3 2 3 3 2 2
223101056 117 1 3 1 1 1 1 1 1 1 1 1 5 2 1 3 2 3 3 3 2 2
223101056 124 1 3 1 1 1 1 1 1 1 1 1 5 1 1 3 3 3 3 3 2 2
223101056 271 1 3 1 1 1 1 1 1 1 1 1 5 2 2 3 3 2 2 2 2 3
223101056 285 1 3 1 1 1 1 1 1 1 1 1 5 2 1 3 3 3 2 2 2 3
223101056 295 1 3 1 1 1 1 1 1 1 1 1 5 2 2 3 2 2 3 2 2 3
223101056 299 1 3 1 1 1 1 1 1 1 1 1 5 2 2 2 3 2 3 2 2 3
223101056 301 1 3 1 1 1 1 1 1 1 1 1 5 2 1 3 3 2 3 2 2 3
223101056 313 1 3 1 1 1 1 1 1 1 1 1 5 2 1 2 3 3 3 2 2 3
223101056 316 1 3 1 1 1 1 1 1 1 1 1 5 1 1 3 3 3 3 2 2 3
223101056 364 1 3 1 1 1 1 1 1 1 1 1 5 1 1 3 3 2 3 3 2 3
223101056 372 1 3 1 1 1 1 1 1 1 1 1 5 1 1 3 2 3 3 3 2 3
223617152 31 1 3 1 1 1 1 1 1 1 1 1 5 2 2 3 3 3 2 2 2 2
223617152 47 1 3 1 1 1 1 1 1 1 1 1 5 2 2 3 3 2 3 2 2 2
223617152 55 1 3 1 1 1 1 1 1 1 1 1 5 2 2 3 2 3 3 2 2 2
223617152 59 1 3 1 1 1 1 1 1 1 1 1 5 2 2 2 3 3 3 2 2 2
223617152 61 1 3 1 1 1 1 1 1 1 1 1 5 2 1 3 3 3 3 2 2 2
223617152 62 1 3 1 1 1 1 1 1 1 1 1 5 1 2 3 3 3 3 2 2 2
223617152 103 1 3 1 1 1 1 1 1 1 1 1 5 2 2 3 2 2 3 3 2 2
223617152 109 1 3 1 1 1 1 1 1 1 1 1 5 2 1 3 3 2 3 3 2 2
223617152 115 1 3 1 1 1 1 1 1 1 1 1 5 2 2 2 2 3 3 3 2 2
223617152 117 1 3 1 1 1 1 1 1 1 1 1 5 2 1 3 2 3 3 3 2 2
223617152 118 1 3 1 1 1 1 1 1 1 1 1 5 1 2 3 2 3 3 3 2 2
223617152 124 1 3 1 1 1 1 1 1 1 1 1 5 1 1 3 3 3 3 3 2 2
223617152 143 1 3 1 1 1 1 1 1 1 1 1 5 2 2 3 3 2 2 2 3 2
223617152 151 1 3 1 1 1 1 1 1 1 1 1 5 2 2 3 2 3 2 2 3 2
223617152 155 1 3 1 1 1 1 1 1 1 1 1 5 2 2 2 3 3 2 2 3 2
223617152 157 1 3 1 1 1 1 1 1 1 1 1 5 2 1 3 3 3 2 2 3 2
223617152 158 1 3 1 1 1 1 1 1 1 1 1 5 1 2 3 3 3 2 2 3 2
223617152 167 1 3 1 1 1 1 1 1 1 1 1 5 2 2 3 2 2 3 2 3 2
223617152 171 1 3 1 1 1 1 1 1 1 1 1 5 2 2 2 3 2 3 2 3 2
223617152 173 1 3 1 1 1 1 1 1 1 1 1 5 2 1 3 3 2 3 2 3 2
223617152 174 1 3 1 1 1 1 1 1 1 1 1 5 1 2 3 3 2 3 2 3 2
223617152 179 1 3 1 1 1 1 1 1 1 1 1 5 2 2 2 2 3 3 2 3 2
223617152 181 1 3 1 1 1 1 1 1 1 1 1 5 2 1 3 2 3 3 2 3 2
223617152 182 1 3 1 1 1 1 1 1 1 1 1 5 1 2 3 2 3 3 2 3 2
223617152 185 1 3 1 1 1 1 1 1 1 1 1 5 2 1 2 3 3 3 2 3 2
223617152 186 1 3 1 1 1 1 1 1 1 1 1 5 1 2 2 3 3 3 2 3 2
223617152 188 1 3 1 1 1 1 1 1 1 1 1 5 1 1 3 3 3 3 2 3 2
223617152 199 1 3 1 1 1 1 1 1 1 1 1 5 2 2 3 2 2 2 3 3 2
223617152 203 1 3 1 1 1 1 1 1 1 1 1 5 2 2 2 3 2 2 3 3 2
223617152 205 1 3 1 1 1 1 1 1 1 1 1 5 2 1 3 3 2 2 3 3 2
223617152 206 1 3 1 1 1 1 1 1 1 1 1 5 1 2 3 3 2 2 3 3 2
223617152 211 1 3 1 1 1 1 1 1 1 1 1 5 2 2 2 2 3 2 3 3 2
223617152 213 1 3 1 1 1 1 1 1 1 1 1 5 2 1 3 2 3 2 3 3 2
223617152 214 1 3 1 1 1 1 1 1 1 1 1 5 1 2 3 2 3 2 3 3 2
223617152 217 1 3 1 1 1 1 1 1 1 1 1 5 2 1 2 3 3 2 3 3 2
223617152 218 1 3 1 1 1 1 1 1 1 1 1 5 1 2 2 3 3 2 3 3 2
223617152 220 1 3 1 1 1 1 1 1 1 1 1 5 1 1 3 3 3 2 3 3 2
223617152 227 1 3 1 1 1 1 1 1 1 1 1 5 2 2 2 2 2 3 3 3 2
223617152 229 1 3 1 1 1 1 1 1 1 1 1 5 2 1 3 2 2 3 3 3 2
223617152 230 1 3 1 1 1 1 1 1 1 1 1 5 1 2 3 2 2 3 3 3 2
223617152 233 1 3 1 1 1 1 1 1 1 1 1 5 2 1 2 3 2 3 3 3 2
223617152 234 1 3 1 1 1 1 1 1 1 1 1 5 1 2 2 3 2 3 3 3 2
223617152 236 1 3 1 1 1 1 1 1 1 1 1 5 1 1 3 3 2 3 3 3 2
223617152 241 1 3 1 1 1 1 1 1 1 1 1 5 2 1 2 2 3 3 3 3 2
223617152 242 1 3 1 1 1 1 1 1 1 1 1 5 1 2 2 2 3 3 3 3 2
223617152 244 1 3 1 1 1 1 1 1 1 1 1 5 1 1 3 2 3 3 3 3 2
223617152 248 1 3 1 1 1 1 1 1 1 1 1 5 1 1 2 3 3 3 3 3 2
223617152 391 1 3 1 1 1 1 1 1 1 1 1 5 2 2 3 2 2 2 2 3 3
223617152 397 1 3 1 1 1 1 1 1 1 1 1 5 2 1 3 3 2 2 2 3 3
223617152 403 1 3 1 1 1 1 1 1 1 1 1 5 2 2 2 2 3 2 2 3 3
223617152 405 1 3 1 1 1 1 1 1 1 1 1 5 2 1 3 2 3 2 2 3 3
223617152 406 1 3 1 1 1 1 1 1 1 1 1 5 1 2 3 2 3 2 2 3 3
223617152 412 1 3 1 1 1 1 1 1 1 1 1 5 1 1 3 3 3 2 2 3 3
223617152 419 1 3 1 1 1 1 1 1 1 1 1 5 2 2 2 2 2 3 2 3 3
223617152 421 1 3 1 1 1 1 1 1 1 1 1 5 2 1 3 2 2 3 2 3 3
223617152 422 1 3 1 1 1 1 1 1 1 1 1 5 1 2 3 2 2 3 2 3 3
223617152 425 1 3 1 1 1 1 1 1 1 1 1 5 2 1 2 3 2 3 2 3 3
223617152 426 1 3 1 1 1 1 1 1 1 1 1 5 1 2 2 3 2 3 2 3 3
223617152 428 1 3 1 1 1 1 1 1 1 1 1 5 1 1 3 3 2 3 2 3 3
223617152 433 1 3 1 1 1 1 1 1 1 1 1 5 2 1 2 2 3 3 2 3 3
223617152 434 1 3 1 1 1 1 1 1 1 1 1 5 1 2 2 2 3 3 2 3 3
223617152 436 1 3 1 1 1 1 1 1 1 1 1 5 1 1 3 2 3 3 2 3 3
223617152 440 1 3 1 1 1 1 1 1 1 1 1 5 1 1 2 3 3 3 2 3 3
223617152 481 1 3 1 1 1 1 1 1 1 1 1 5 2 1 2 2 2 3 3 3 3
223617152 484 1 3 1 1 1 1 1 1 1 1 1 5 1 1 3 2 2 3 3 3 3
223617152 496 1 3 1 1 1 1 1 1 1 1 1 5 1 1 2 2 3 3 3 3 3
223633408 31 1 3 1 1 1 1 1 1 1 1 1 5 1 3 3 3 3 2 2 2 2
223633408 47 1 3 1 1 1 1 1 1 1 1 1 5 1 3 3 3 2 3 2 2 2
223633408 59 1 3 1 1 1 1 1 1 1 1 1 5 1 3 2 3 3 3 2 2 2
223633408 62 1 3 1 1 1 1 1 1 1 1 1 5 0 3 3 3 3 3 2 2 2
223633408 103 1 3 1 1 1 1 1 1 1 1 1 5 1 3 3 2 2 3 3 2 2
223633408 109 1 3 1 1 1 1 1 1 1 1 1 5 1 2 3 3 2 3 3 2 2
223633408 110 1 3 1 1 1 1 1 1 1 1 1 5 0 3 3 3 2 3 3 2 2
223633408 115 1 3 1 1 1 1 1 1 1 1 1 5 1 3 2 2 3 3 3 2 2
223633408 117 1 3 1 1 1 1 1 1 1 1 1 5 1 2 3 2 3 3 3 2 2
223633408 118 1 3 1 1 1 1 1 1 1 1 1 5 0 3 3 2 3 3 3 2 2
223633408 124 1 3 1 1 1 1 1 1 1 1 1 5 0 2 3 3 3 3 3 2 2
223633408 205 1 3 1 1 1 1 1 1 1 1 1 5 1 2 3 3 2 2 3 3 2
223633408 206 1 3 1 1 1 1 1 1 1 1 1 5 0 3 3 3 2 2 3 3 2
1292419200 31 1 3 1 1 1 1 1 1 1 1 1 5 2 2 3 3 3 2 2 2 2
1292419200 61 1 3 1 1 1 1 1 1 1 1 1 5 2 1 3 3 3 3 2 2 2
1292419200 115 1 3 1 1 1 1 1 1 1 1 1 5 2 2 2 2 3 3 3 2 2
1292419200 117 1 3 1 1 1 1 1 1 1 1 1 5 2 1 3 2 3 3 3 2 2
1292419200 124 1 3 1 1 1 1 1 1 1 1 1 5 1 1 3 3 3 3 3 2 2
1292419200 271 1 3 1 1 1 1 1 1 1 1 1 5 2 2 3 3 2 2 2 2 3
1292419200 279 1 3 1 1 1 1 1 1 1 1 1 5 2 2 3 2 3 2 2 2 3
1292419200 285 1 3 1 1 1 1 1 1 1 1 1 5 2 1 3 3 3 2 2 2 3
1292419200 316 1 3 1 1 1 1 1 1 1 1 1 5 1 1 3 3 3 3 2 2 3
1292419200 369 1 3 1 1 1 1 1 1 1 1 1 5 2 1 2 2 3 3 3 2 3
1292419200 372 1 3 1 1 1 1 1 1 1 1 1 5 1 1 3 2 3 3 3 2 3
1292419201 15 1 3 1 1 1 1 1 1 1 1 1 4 3 3 3 3 2 2 2 2 2
1292419201 23 1 3 1 1 1 1 1 1 1 1 1 4 3 3 3 2 3 2 2 2 2
1292419201 31 2 3 1 1 1 1 1 1 1 1 1 5 3 3 3 3 3 2 2 2 2
1292419201 113 1 3 1 1 1 1 1 1 1 1 1 4 3 2 2 2 3 3 3 2 2
1292419201 115 2 3 1 1 1 1 1 1 1 1 1 5 3 3 2 2 3 3 3 2 2
1292419201 117 2 3 1 1 1 1 1 1 1 1 1 5 3 2 3 2 3 3 3 2 2
1292935296 31 1 3 1 1 1 1 1 1 1 1 1 5 2 2 3 3 3 2 2 2 2
1292935296 55 1 3 1 1 1 1 1 1 1 1 1 5 2 2 3 2 3 3 2 2 2
1292935296 61 1 3 1 1 1 1 1 1 1 1 1 5 2 1 3 3 3 3 2 2 2
1292935296 115 1 3 1 1 1 1 1 1 1 1 1 5 2 2 2 2 3 3 3 2 2
1292935296 117 1 3 1 1 1 1 1 1 1 1 1 5 2 1 3 2 3 3 3 2 2
1292935296 118 1 3 1 1 1 1 1 1 1 1 1 5 1 2 3 2 3 3 3 2 2
1292935296 124 1 3 1 1 1 1 1 1 1 1 1 5 1 1 3 3 3 3 3 2 2
1292935296 143 1 3 1 1 1 1 1 1 1 1 1 5 2 2 3 3 2 2 2 3 2
1292935296 151 1 3 1 1 1 1 1 1 1 1 1 5 2 2 3 2 3 2 2 3 2
1292935296 155 1 3 1 1 1 1 1 1 1 1 1 5 2 2 2 3 3 2 2 3 2
1292935296 157 1 3 1 1 1 1 1 1 1 1 1 5 2 1 3 3 3 2 2 3 2
1292935296 158 1 3 1 1 1 1 1 1 1 1 1 5 1 2 3 3 3 2 2 3 2
1292935296 179 1 3 1 1 1 1 1 1 1 1 1 5 2 2 2 2 3 3 2 3 2
1292935296 181 1 3 1 1 1 1 1 1 1 1 1 5 2 1 3 2 3 3 2 3 2
1292935296 182 1 3 1 1 1 1 1 1 1 1 1 5 1 2 3 2 3 3 2 3 2
1292935296 185 1 3 1 1 1 1 1 1 1 1 1 5 2 1 2 3 3 3 2 3 2
1292935296 186 1 3 1 1 1 1 1 1 1 1 1 5 1 2 2 3 3 3 2 3 2
1292935296 188 1 3 1 1 1 1 1 1 1 1 1 5 1 1 3 3 3 3 2 3 2
1292935296 241 1 3 1 1 1 1 1 1 1 1 1 5 2 1 2 2 3 3 3 3 2
1292935296 242 1 3 1 1 1 1 1 1 1 1 1 5 1 2 2 2 3 3 3 3 2
1292935296 244 1 3 1 1 1 1 1 1 1 1 1 5 1 1 3 2 3 3 3 3 2
1292935296 248 1 3 1 1 1 1 1 1 1 1 1 5 1 1 2 3 3 3 3 3 2
1292935296 391 1 3 1 1 1 1 1 1 1 1 1 5 2 2 3 2 2 2 2 3 3
1292935296 397 1 3 1 1 1 1 1 1 1 1 1 5 2 1 3 3 2 2 2 3 3
1292935296 403 1 3 1 1 1 1 1 1 1 1 1 5 2 2 2 2 3 2 2 3 3
1292935296 405 1 3 1 1 1 1 1 1 1 1 1 5 2 1 3 2 3 2 2 3 3
1292935296 406 1 3 1 1 1 1 1 1 1 1 1 5 1 2 3 2 3 2 2 3 3
1292935296 412 1 3 1 1 1 1 1 1 1 1 1 5 1 1 3 3 3 2 2 3 3
1292935296 433 1 3 1 1 1 1 1 1 1 1 1 5 2 1 2 2 3 3 2 3 3
1292935296 436 1 3 1 1 1 1 1 1 1 1 1 5 1 1 3 2 3 3 2 3 3
1292935296 496 1 3 1 1 1 1 1 1 1 1 1 5 1 1 2 2 3 3 3 3 3
1292951552 31 1 3 1 1 1 1 1 1 1 1 1 5 1 3 3 3 3 2 2 2 2
1292951552 55 1 3 1 1 1 1 1 1 1 1 1 5 1 3 3 2 3 3 2 2 2
1292951552 61 1 3 1 1 1 1 1 1 1 1 1 5 1 2 3 3 3 3 2 2 2
1292951552 62 1 3 1 1 1 1 1 1 1 1 1 5 0 3 3 3 3 3 2 2 2
1292951552 115 1 3 1 1 1 1 1 1 1 1 1 5 1 3 2 2 3 3 3 2 2
1292951552 118 1 3 1 1 1 1 1 1 1 1 1 5 0 3 3 2 3 3 3 2 2
1292951552 124 1 3 1 1 1 1 1 1 1 1 1 5 0 2 3 3 3 3 3 2 2
1292951552 143 1 3 1 1 1 1 1 1 1 1 1 5 1 3 3 3 2 2 2 3 2
1292951552 155 1 3 1 1 1 1 1 1 1 1 1 5 1 3 2 3 3 2 2 3 2
1292951552 158 1 3 1 1 1 1 1 1 1 1 1 5 0 3 3 3 3 2 2 3 2
1292951552 186 1 3 1 1 1 1 1 1 1 1 1 5 0 3 2 3 3 3 2 3 2
1292951552 398 1 3 1 1 1 1 1 1 1 1 1 5 0 3 3 3 2 2 2 3 3
1326972929 31 1 3 1 1 1 1 1 1 1 1 1 5 2 2 3 3 3 2 2 2 2
1326972929 55 1 3 1 1 1 1 1 1 1 1 1 5 2 2 3 2 3 3 2 2 2
1326972929 61 1 3 1 1 1 1 1 1 1 1 1 5 2 1 3 3 3 3 2 2 2
1326972929 115 1 3 1 1 1 1 1 1 1 1 1 5 2 2 2 2 3 3 3 2 2
1326972929 117 1 3 1 1 1 1 1 1 1 1 1 5 2 1 3 2 3 3 3 2 2
1326972929 124 1 3 1 1 1 1 1 1 1 1 1 5 1 1 3 3 3 3 3 2 2
1326972929 143 1 3 1 1 1 1 1 1 1 1 1 5 2 2 3 3 2 2 2 3 2
1326972929 151 1 3 1 1 1 1 1 1 1 1 1 5 2 2 3 2 3 2 2 3 2
1326972929 157 1 3 1 1 1 1 1 1 1 1 1 5 2 1 3 3 3 2 2 3 2
1326972929 181 1 3 1 1 1 1 1 1 1 1 1 5 2 1 3 2 3 3 2 3 2
1326972929 188 1 3 1 1 1 1 1 1 1 1 1 5 1 1 3 3 3 3 2 3 2
1326972929 244 1 3 1 1 1 1 1 1 1 1 1 5 1 1 3 2 3 3 3 3 2
1326972929 397 1 3 1 1 1 1 1 1 1 1 1 5 2 1 3 3 2 2 2 3 3
1326972929 412 1 3 1 1 1 1 1 1 1 1 1 5 1 1 3 3 3 2 2 3 3
1379403808 31 1 3 1 1 1 1 1 1 1 1 1 5 2 2 3 3 3 2 2 2 2
1379403808 47 1 3 1 1 1 1 1 1 1 1 1 5 2 2 3 3 2 3 2 2 2
1379403808 59 1 3 1 1 1 1 1 1 1 1 1 5 2 2 2 3 3 3 2 2 2
1379403808 61 1 3 1 1 1 1 1 1 1 1 1 5 2 1 3 3 3 3 2 2 2
1379403808 62 1 3 1 1 1 1 1 1 1 1 1 5 1 2 3 3 3 3 2 2 2
1379403808 103 1 3 1 1 1 1 1 1 1 1 1 5 2 2 3 2 2 3 3 2 2
1379403808 109 1 3 1 1 1 1 1 1 1 1 1 5 2 1 3 3 2 3 3 2 2
1379403808 121 1 3 1 1 1 1 1 1 1 1 1 5 2 1 2 3 3 3 3 2 2
1379403808 124 1 3 1 1 1 1 1 1 1 1 1 5 1 1 3 3 3 3 3 2 2
1379403808 151 1 3 1 1 1 1 1 1 1 1 1 5 2 2 3 2 3 2 2 3 2
1379403808 157 1 3 1 1 1 1 1 1 1 1 1 5 2 1 3 3 3 2 2 3 2
1379403808 181 1 3 1 1 1 1 1 1 1 1 1 5 2 1 3 2 3 3 2 3 2
1379403808 182 1 3 1 1 1 1 1 1 1 1 1 5 1 2 3 2 3 3 2 3 2
1379403808 188 1 3 1 1 1 1 1 1 1 1 1 5 1 1 3 3 3 3 2 3 2
1379403808 244 1 3 1 1 1 1 1 1 1 1 1 5 1 1 3 2 3 3 3 3 2
1379403808 412 1 3 1 1 1 1 1 1 1 1 1 5 1 1 3 3 3 2 2 3 3
1452802049 31 1 3 1 1 1 1 1 1 1 1 1 5 2 2 3 3 3 2 2 2 2
1452802049 55 1 3 1 1 1 1 1 1 1 1 1 5 2 2 3 2 3 3 2 2 2
1452802049 61 1 3 1 1 1 1 1 1 1 1 1 5 2 1 3 3 3 3 2 2 2
1452802049 103 1 3 1 1 1 1 1 1 1 1 1 5 2 2 3 2 2 3 3 2 2
1452802049 107 1 3 1 1 1 1 1 1 1 1 1 5 2 2 2 3 2 3 3 2 2
1452802049 109 1 3 1 1 1 1 1 1 1 1 1 5 2 1 3 3 2 3 3 2 2
1452802049 121 1 3 1 1 1 1 1 1 1 1 1 5 2 1 2 3 3 3 3 2 2
1452802049 124 1 3 1 1 1 1 1 1 1 1 1 5 1 1 3 3 3 3 3 2 2
1452802049 205 1 3 1 1 1 1 1 1 1 1 1 5 2 1 3 3 2 2 3 3 2
1452802049 220 1 3 1 1 1 1 1 1 1 1 1 5 1 1 3 3 3 2 3 3 2
1452802049 244 1 3 1 1 1 1 1 1 1 1 1 5 1 1 3 2 3 3 3 3 2
