841824 7 1 3 3 3 3 2 2 2 2 2
841824 15 2 4 3 3 3 3 2 2 2 2
841824 21 1 3 3 2 3 2 3 2 2 2
841824 23 2 4 3 3 3 2 3 2 2 2
841824 28 1 3 2 2 3 3 3 2 2 2
841824 29 2 4 3 2 3 3 3 2 2 2
841824 60 2 4 2 2 3 3 3 3 2 2
841824 85 2 4 3 2 3 2 3 2 3 2
873568 7 1 3 3 3 3 2 2 2 2 2
873568 15 2 4 3 3 3 3 2 2 2 2
873568 19 1 3 3 3 2 2 3 2 2 2
873568 21 1 3 3 2 3 2 3 2 2 2
873568 22 1 3 2 3 3 2 3 2 2 2
873568 23 2 4 3 3 3 2 3 2 2 2
873568 28 1 3 2 2 3 3 3 2 2 2
873568 29 2 4 3 2 3 3 3 2 2 2
873568 51 2 4 3 3 2 2 3 3 2 2
873568 54 2 4 2 3 3 2 3 3 2 2
873568 57 2 4 3 2 2 3 3 3 2 2
873568 58 2 4 2 3 2 3 3 3 2 2
873568 102 2 4 2 3 3 2 2 3 3 2
5050592 7 1 3 3 3 3 2 2 2 2 2
5050592 11 1 3 3 3 2 3 2 2 2 2
5050592 14 1 3 2 3 3 3 2 2 2 2
5050592 15 2 4 3 3 3 3 2 2 2 2
5050592 25 1 3 3 2 2 3 3 2 2 2
5050592 27 2 4 3 3 2 3 3 2 2 2
5050592 30 2 4 2 3 3 3 3 2 2 2
5050592 56 1 3 2 2 2 3 3 3 2 2
5050592 57 2 4 3 2 2 3 3 3 2 2
5050592 69 1 3 3 2 3 2 2 2 3 2
5050592 71 2 4 3 3 3 2 2 2 3 2
5050592 77 2 4 3 2 3 3 2 2 3 2
5179456 15 1 4 2 2 3 3 2 2 2 2
5179456 27 1 4 2 2 2 3 3 2 2 2
5179456 29 1 4 2 1 3 3 3 2 2 2
5179456 57 1 4 2 1 2 3 3 3 2 2
5179456 60 1 4 1 1 3 3 3 3 2 2
5179456 71 1 4 2 2 3 2 2 2 3 2
5179456 75 1 4 2 2 2 3 2 2 3 2
5179456 77 1 4 2 1 3 3 2 2 3 2
5179456 78 1 4 1 2 3 3 2 2 3 2
5179456 89 1 4 2 1 2 3 3 2 3 2
5179456 90 1 4 1 2 2 3 3 2 3 2
5179456 92 1 4 1 1 3 3 3 2 3 2
5179456 120 1 4 1 1 2 3 3 3 3 2
5179456 195 1 4 2 2 2 2 2 2 3 3
5179456 197 1 4 2 1 3 2 2 2 3 3
5179456 201 1 4 2 1 2 3 2 2 3 3
5179456 204 1 4 1 1 3 3 2 2 3 3
5179456 216 1 4 1 1 2 3 3 2 3 3
5183488 15 1 4 1 3 3 3 2 2 2 2
5183488 27 1 4 1 3 2 3 3 2 2 2
5183488 30 1 4 0 3 3 3 3 2 2 2
5183488 57 1 4 1 2 2 3 3 3 2 2
5183488 58 1 4 0 3 2 3 3 3 2 2
5183488 71 1 4 1 3 3 2 2 2 3 2
5183488 75 1 4 1 3 2 3 2 2 3 2
5183488 78 1 4 0 3 3 3 2 2 3 2
5183488 90 1 4 0 3 2 3 3 2 3 2
5183488 198 1 4 0 3 3 2 2 2 3 3
5607488 15 1 4 2 2 3 3 2 2 2 2
5607488 27 1 4 2 2 2 3 3 2 2 2
5607488 29 1 4 2 1 3 3 3 2 2 2
5607488 53 1 4 2 1 3 2 3 3 2 2
5607488 60 1 4 1 1 3 3 3 3 2 2
5607488 135 1 4 2 2 3 2 2 2 2 3
5607488 141 1 4 2 1 3 3 2 2 2 3
5607488 153 1 4 2 1 2 3 3 2 2 3
5607488 156 1 4 1 1 3 3 3 2 2 3
5607488 180 1 4 1 1 3 2 3 3 2 3
5670976 15 1 4 2 2 3 3 2 2 2 2
5670976 23 1 4 2 2 3 2 3 2 2 2
5670976 27 1 4 2 2 2 3 3 2 2 2
5670976 29 1 4 2 1 3 3 3 2 2 2
5670976 30 1 4 1 2 3 3 3 2 2 2
5670976 51 1 4 2 2 2 2 3 3 2 2
5670976 53 1 4 2 1 3 2 3 3 2 2
5670976 54 1 4 1 2 3 2 3 3 2 2
5670976 60 1 4 1 1 3 3 3 3 2 2
5670976 71 1 4 2 2 3 2 2 2 3 2
5670976 75 1 4 2 2 2 3 2 2 3 2
5670976 77 1 4 2 1 3 3 2 2 3 2
5670976 78 1 4 1 2 3 3 2 2 3 2
5670976 83 1 4 2 2 2 2 3 2 3 2
5670976 85 1 4 2 1 3 2 3 2 3 2
5670976 86 1 4 1 2 3 2 3 2 3 2
5670976 89 1 4 2 1 2 3 3 2 3 2
5670976 90 1 4 1 2 2 3 3 2 3 2
5670976 92 1 4 1 1 3 3 3 2 3 2
5670976 99 1 4 2 2 2 2 2 3 3 2
5670976 101 1 4 2 1 3 2 2 3 3 2
5670976 102 1 4 1 2 3 2 2 3 3 2
5670976 105 1 4 2 1 2 3 2 3 3 2
5670976 106 1 4 1 2 2 3 2 3 3 2
5670976 108 1 4 1 1 3 3 2 3 3 2
5670976 113 1 4 2 1 2 2 3 3 3 2
5670976 114 1 4 1 2 2 2 3 3 3 2
5670976 116 1 4 1 1 3 2 3 3 3 2
5670976 120 1 4 1 1 2 3 3 3 3 2
5670976 195 1 4 2 2 2 2 2 2 3 3
5670976 197 1 4 2 1 3 2 2 2 3 3
5670976 198 1 4 1 2 3 2 2 2 3 3
5670976 204 1 4 1 1 3 3 2 2 3 3
5670976 209 1 4 2 1 2 2 3 2 3 3
5670976 210 1 4 1 2 2 2 3 2 3 3
5670976 212 1 4 1 1 3 2 3 2 3 3
5670976 216 1 4 1 1 2 3 3 2 3 3
5670976 240 1 4 1 1 2 2 3 3 3 3
5675008 15 1 4 1 3 3 3 2 2 2 2
5675008 27 1 4 1 3 2 3 3 2 2 2
5675008 30 1 4 0 3 3 3 3 2 2 2
5675008 51 1 4 1 3 2 2 3 3 2 2
5675008 53 1 4 1 2 3 2 3 3 2 2
5675008 54 1 4 0 3 3 2 3 3 2 2
5675008 60 1 4 0 2 3 3 3 3 2 2
5675008 102 1 4 0 3 3 2 2 3 3 2
7537168 15 1 4 2 2 3 3 2 2 2 2
7537168 23 1 4 2 2 3 2 3 2 2 2
7537168 29 1 4 2 1 3 3 3 2 2 2
7537168 30 1 4 1 2 3 3 3 2 2 2
7537168 51 1 4 2 2 2 2 3 3 2 2
7537168 53 1 4 2 1 3 2 3 3 2 2
7537168 60 1 4 1 1 3 3 3 3 2 2
7537168 71 1 4 2 2 3 2 2 2 3 2
7537168 77 1 4 2 1 3 3 2 2 3 2
7537168 85 1 4 2 1 3 2 3 2 3 2
7537168 86 1 4 1 2 3 2 3 2 3 2
7537168 92 1 4 1 1 3 3 3 2 3 2
7537168 116 1 4 1 1 3 2 3 3 3 2
7537168 204 1 4 1 1 3 3 2 2 3 3
15400961 15 1 4 2 2 3 3 2 2 2 2
15400961 29 1 4 2 1 3 3 3 2 2 2
15400961 39 1 4 2 2 3 2 2 3 2 2
15400961 43 1 4 2 2 2 3 2 3 2 2
15400961 45 1 4 2 1 3 3 2 3 2 2
15400961 57 1 4 2 1 2 3 3 3 2 2
15400961 60 1 4 1 1 3 3 3 3 2 2
15400961 108 1 4 1 1 3 3 2 3 3 2
15400961 116 1 4 1 1 3 2 3 3 3 2
48373761 15 1 4 2 2 3 3 2 2 2 2
48373761 23 1 4 2 2 3 2 3 2 2 2
48373761 29 1 4 2 1 3 3 3 2 2 2
48373761 60 1 4 1 1 3 3 3 3 2 2
48373761 113 1 4 2 1 2 2 3 3 3 2
48373761 116 1 4 1 1 3 2 3 3 3 2
