290296 1 4 4 3 3 3 2 2 1
294132 1 4 4 3 3 2 2 2 2
305144 1 4 4 3 3 3 3 1 1
306168 1 4 4 3 3 3 2 2 1
306876 1 4 4 3 3 3 3 2 0
306908 1 4 4 3 3 3 3 1 1
306924 1 4 4 3 3 3 2 2 1
306932 1 4 4 3 3 2 3 2 1
306936 1 4 4 3 2 3 3 2 1
309752 1 4 4 3 3 2 2 2 2
309996 1 4 4 3 3 3 1 2 2
310004 1 4 4 3 3 2 2 2 2
310008 1 4 4 3 2 3 2 2 2
310130 1 4 4 3 3 2 2 2 2
310136 1 4 4 2 3 3 2 2 2
310904 1 4 4 2 2 3 3 2 2
362428 1 4 4 3 3 3 3 2 0
362460 1 4 4 3 3 3 3 1 1
362476 1 4 4 3 3 3 2 2 1
362484 1 4 4 3 3 2 3 2 1
363964 1 4 4 3 3 2 3 3 0
363996 1 4 4 3 3 2 3 2 1
364020 1 4 4 3 3 1 3 3 1
364024 1 4 4 3 2 2 3 3 1
364348 1 4 4 2 3 3 3 3 0
364366 1 4 4 3 3 3 2 2 1
364374 1 4 4 3 3 2 3 2 1
364380 1 4 4 2 3 3 3 2 1
364402 1 4 4 3 2 2 3 3 1
364404 1 4 4 2 3 2 3 3 1
365532 1 4 4 3 3 3 2 1 2
365556 1 4 4 3 3 2 2 2 2
366044 1 4 4 3 3 2 3 1 2
366060 1 4 4 3 3 2 2 2 2
366068 1 4 4 3 3 1 3 2 2
366072 1 4 4 3 2 2 3 2 2
366428 1 4 4 2 3 3 3 1 2
366444 1 4 4 2 3 3 2 2 2
366450 1 4 4 3 2 2 3 2 2
366452 1 4 4 2 3 2 3 2 2
367860 1 4 4 3 2 1 3 3 2
367988 1 4 4 2 3 1 3 3 2
367992 1 4 4 2 2 2 3 3 2
836593 1 4 4 3 3 3 3 1 1
838073 1 4 4 3 3 3 3 2 0
838105 1 4 4 3 3 3 3 1 1
838121 1 4 4 3 3 3 2 2 1
838136 1 4 3 3 3 3 3 2 1
838325 1 4 4 3 3 3 3 2 0
838357 1 4 4 3 3 3 3 1 1
838373 1 4 4 3 3 3 2 2 1
838388 1 4 3 3 3 3 3 2 1
838640 1 3 4 3 3 3 3 2 1
841957 1 4 4 3 3 2 2 2 2
841961 1 4 4 3 2 3 2 2 2
841964 1 4 3 3 3 3 2 2 2
841976 1 4 3 3 2 3 3 2 2
842232 2 4 4 3 3 3 3 2 2
842484 2 4 4 3 3 3 3 2 2
869361 1 4 4 3 3 3 2 2 1
869817 1 4 4 3 3 3 3 2 0
869849 1 4 4 3 3 3 3 1 1
869865 1 4 4 3 3 3 2 2 1
869873 1 4 4 3 3 2 3 2 1
869880 1 4 3 3 3 3 3 2 1
870069 1 4 4 3 3 3 3 2 0
870101 1 4 4 3 3 3 3 1 1
870117 1 4 4 3 3 3 2 2 1
870129 1 4 4 3 2 3 3 2 1
870132 1 4 3 3 3 3 3 2 1
870195 1 4 4 3 3 3 3 2 0
870227 1 4 4 3 3 3 3 1 1
870243 1 4 4 3 3 3 2 2 1
870257 1 4 4 2 3 3 3 2 1
870258 1 4 3 3 3 3 3 2 1
870384 1 3 4 3 3 3 3 2 1
871605 1 4 4 3 3 2 3 3 0
871609 1 4 4 3 2 3 3 3 0
871612 1 4 3 3 3 3 3 3 0
871629 1 4 4 3 3 3 2 2 1
871637 1 4 4 3 3 2 3 2 1
871641 1 4 4 3 2 3 3 2 1
871644 1 4 3 3 3 3 3 2 1
871653 1 4 4 3 3 2 2 3 1
871657 1 4 4 3 2 3 2 3 1
871660 1 4 3 3 3 3 2 3 1
871665 1 4 4 3 2 2 3 3 1
871668 1 4 3 3 3 2 3 3 1
871672 1 4 3 3 2 3 3 3 1
871864 1 3 4 3 3 3 3 3 0
871896 1 3 4 3 3 3 3 2 1
871920 1 3 4 3 3 2 3 3 1
871928 2 4 4 3 3 3 3 3 1
872007 1 4 4 3 3 3 2 2 1
872019 1 4 4 3 2 3 3 2 1
872021 1 4 4 2 3 3 3 2 1
872022 1 4 3 3 3 3 3 2 1
872049 1 4 4 2 2 3 3 3 1
872050 1 4 3 3 2 3 3 3 1
872148 1 3 4 3 3 3 3 2 1
872164 1 3 4 3 3 3 2 3 1
872176 1 3 4 3 2 3 3 3 1
872180 2 4 4 3 3 3 3 3 1
872921 1 4 4 3 3 3 2 1 2
872945 1 4 4 3 3 2 2 2 2
872952 1 4 3 3 3 3 2 2 2
873173 1 4 4 3 3 3 2 1 2
873189 1 4 4 3 3 3 1 2 2
873201 1 4 4 3 2 3 2 2 2
873204 1 4 3 3 3 3 2 2 2
873456 1 3 4 3 3 3 2 2 2
873685 1 4 4 3 3 2 3 1 2
873689 1 4 4 3 2 3 3 1 2
873692 1 4 3 3 3 3 3 1 2
873701 1 4 4 3 3 2 2 2 2
873705 1 4 4 3 2 3 2 2 2
873708 1 4 3 3 3 3 2 2 2
873713 1 4 4 3 2 2 3 2 2
873716 1 4 3 3 3 2 3 2 2
873720 1 4 3 3 2 3 3 2 2
873817 1 4 4 2 3 3 3 1 2
873818 1 4 3 3 3 3 3 1 2
873827 1 4 4 3 3 2 2 2 2
873833 1 4 4 2 3 3 2 2 2
873834 1 4 3 3 3 3 2 2 2
873841 1 4 4 2 3 2 3 2 2
873842 1 4 3 3 3 2 3 2 2
873848 1 4 3 2 3 3 3 2 2
873944 1 3 4 3 3 3 3 1 2
873960 1 3 4 3 3 3 2 2 2
873968 1 3 4 3 3 2 3 2 2
873976 2 4 4 3 3 3 3 2 2
874097 1 4 4 2 2 3 3 2 2
874098 1 4 3 3 2 3 3 2 2
874100 1 4 3 2 3 3 3 2 2
874224 1 3 4 3 2 3 3 2 2
874228 2 4 4 3 3 3 3 2 2
874352 1 3 4 2 3 3 3 2 2
874354 2 4 4 3 3 3 3 2 2
875633 1 4 4 2 2 2 3 3 2
875634 1 4 3 3 2 2 3 3 2
875640 1 4 3 2 2 3 3 3 2
875764 2 4 4 3 3 2 3 3 2
875768 2 4 4 3 2 3 3 3 2
983993 1 4 4 3 3 3 2 2 1
984041 1 4 4 3 3 3 1 2 2
984049 1 4 4 3 3 2 2 2 2
984056 1 4 3 3 3 3 2 2 2
984733 1 4 4 3 3 3 3 1 1
984749 1 4 4 3 3 3 2 2 1
984761 1 4 4 3 2 3 3 2 1
984764 1 4 3 3 3 3 3 2 1
984805 1 4 4 3 3 2 2 2 2
984809 1 4 4 3 2 3 2 2 2
984812 1 4 3 3 3 3 2 2 2
984824 1 4 3 3 2 3 3 2 2
984875 1 4 4 3 3 3 2 2 1
984889 1 4 4 2 3 3 3 2 1
984890 1 4 3 3 3 3 3 2 1
984931 1 4 4 3 3 2 2 2 2
984937 1 4 4 2 3 3 2 2 2
984938 1 4 3 3 3 3 2 2 2
984952 1 4 3 2 3 3 3 2 2
985016 1 3 4 3 3 3 3 2 1
985064 1 3 4 3 3 3 2 2 2
985080 2 4 4 3 3 3 3 2 2
985773 1 4 4 3 3 3 1 3 1
985781 1 4 4 3 3 2 2 3 1
985785 1 4 4 3 2 3 2 3 1
985788 1 4 3 3 3 3 2 3 1
985813 1 4 4 3 3 2 2 2 2
985817 1 4 4 3 2 3 2 2 2
985820 1 4 3 3 3 3 2 2 2
985833 1 4 4 3 2 3 1 3 2
985836 1 4 3 3 3 3 1 3 2
985841 1 4 4 3 2 2 2 3 2
985844 1 4 3 3 3 2 2 3 2
985848 1 4 3 3 2 3 2 3 2
986040 1 3 4 3 3 3 2 3 1
986072 1 3 4 3 3 3 2 2 2
986104 2 4 4 3 3 3 2 3 2
986681 1 4 4 2 2 3 3 3 1
986682 1 4 3 3 2 3 3 3 1
986684 1 4 3 2 3 3 3 3 1
986713 1 4 4 2 2 3 3 2 2
986714 1 4 3 3 2 3 3 2 2
986716 1 4 3 2 3 3 3 2 2
986729 1 4 4 2 2 3 2 3 2
986730 1 4 3 3 2 3 2 3 2
986732 1 4 3 2 3 3 2 3 2
986744 1 4 3 2 2 3 3 3 2
986812 2 4 4 3 3 3 3 3 1
986844 2 4 4 3 3 3 3 2 2
986860 2 4 4 3 3 3 2 3 2
986872 2 4 4 3 2 3 3 3 2
986986 2 4 4 3 3 3 2 3 2
987000 2 4 4 2 3 3 3 3 2
990840 2 4 4 2 2 3 3 3 3
5047219 1 4 4 3 3 3 3 2 0
5047251 1 4 4 3 3 3 3 1 1
5047267 1 4 4 3 3 3 2 2 1
5047281 1 4 4 2 3 3 3 2 1
5047282 1 4 3 3 3 3 3 2 1
5048163 1 4 4 2 3 3 3 2 1
5048290 1 3 4 3 3 3 3 2 1
5048747 1 4 4 3 3 3 2 3 0
5048762 1 4 3 3 3 3 3 3 0
5048779 1 4 4 3 3 3 2 2 1
5048793 1 4 4 2 3 3 3 2 1
5048794 1 4 3 3 3 3 3 2 1
5048803 1 4 4 3 3 2 2 3 1
5048810 1 4 3 3 3 3 2 3 1
5049298 1 3 4 3 3 3 3 2 1
5049314 1 3 4 3 3 3 2 3 1
5049330 2 4 4 3 3 3 3 3 1
5050827 1 4 4 3 3 3 2 1 2
5050841 1 4 4 2 3 3 3 1 2
5050842 1 4 3 3 3 3 3 1 2
5050851 1 4 4 3 3 2 2 2 2
5050857 1 4 4 2 3 3 2 2 2
5050858 1 4 3 3 3 3 2 2 2
5050872 1 4 3 2 3 3 3 2 2
5051235 1 4 4 2 3 3 2 2 2
5051250 1 4 3 2 3 3 3 2 2
5051362 1 3 4 3 3 3 2 2 2
5051378 2 4 4 3 3 3 3 2 2
5052258 1 3 4 2 3 3 3 2 2
5052643 1 4 4 3 2 2 2 3 2
5052646 1 4 3 3 3 2 2 3 2
5052906 2 4 4 3 3 3 2 3 2
5177374 1 4 0 3 3 3 3 1 1
5177390 1 4 0 3 3 3 2 2 1
5177404 1 4 0 2 3 3 3 2 1
5177446 1 4 0 3 3 2 2 2 2
5177452 1 4 0 2 3 3 2 2 2
5177532 1 4 1 3 3 3 3 2 1
5177580 1 4 1 3 3 3 2 2 2
5177658 1 4 1 3 3 3 3 2 1
5177706 1 4 1 3 3 3 2 2 2
5177720 1 4 1 2 3 3 3 2 2
5177785 1 4 3 3 3 3 3 2 1
5177833 1 4 3 3 3 3 2 2 2
5177848 1 4 2 3 3 3 3 2 2
5178163 1 4 3 3 3 3 3 2 1
5178211 1 4 3 3 3 3 2 2 2
5178225 1 4 3 2 3 3 3 2 2
5178226 1 4 2 3 3 3 3 2 2
5178289 1 3 4 3 3 3 3 2 1
5178337 1 3 4 3 3 3 2 2 2
5178352 1 3 3 3 3 3 3 2 2
5178353 2 4 4 3 3 3 3 2 2
5179171 1 3 4 3 3 3 3 2 1
5179233 1 3 4 2 3 3 3 2 2
5179234 1 3 3 3 3 3 3 2 2
5179235 2 4 4 3 3 3 3 2 2
5179296 1 1 4 3 3 3 3 2 1
5179360 1 2 4 3 3 3 3 2 2
5179438 1 4 1 3 3 3 2 3 1
5179452 1 4 1 2 3 3 3 3 1
5179470 1 4 1 3 3 3 2 2 2
5179484 1 4 1 2 3 3 3 2 2
5179494 1 4 1 3 3 2 2 3 2
5179500 1 4 1 2 3 3 2 3 2
5179565 1 4 3 3 3 3 2 3 1
5179580 1 4 2 3 3 3 3 3 1
5179597 1 4 3 3 3 3 2 2 2
5179612 1 4 2 3 3 3 3 2 2
5179621 1 4 3 3 3 2 2 3 2
5179628 1 4 2 3 3 3 2 3 2
5179691 1 4 3 3 3 3 2 3 1
5179705 1 4 3 2 3 3 3 3 1
5179706 1 4 2 3 3 3 3 3 1
5179723 1 4 3 3 3 3 2 2 2
5179737 1 4 3 2 3 3 3 2 2
5179738 1 4 2 3 3 3 3 2 2
5179747 1 4 3 3 3 2 2 3 2
5179753 1 4 3 2 3 3 2 3 2
5179754 1 4 2 3 3 3 2 3 2
5179768 1 4 2 2 3 3 3 3 2
5179832 1 3 3 3 3 3 3 3 1
5179833 2 4 4 3 3 3 3 3 1
5179864 1 3 3 3 3 3 3 2 2
5179865 2 4 4 3 3 3 3 2 2
5179873 1 3 4 3 3 2 2 3 2
5179880 1 3 3 3 3 3 2 3 2
5179881 2 4 4 3 3 3 2 3 2
5179896 2 4 3 3 3 3 3 3 2
5180257 1 3 4 2 3 3 2 3 2
5180258 1 3 3 3 3 3 2 3 2
5180259 2 4 4 3 3 3 2 3 2
5180272 1 3 3 2 3 3 3 3 2
5180273 2 4 4 2 3 3 3 3 2
5180274 2 4 3 3 3 3 3 3 2
5180384 1 2 4 3 3 3 2 3 2
5180400 2 3 4 3 3 3 3 3 2
5181280 1 2 4 2 3 3 3 3 2
5181282 2 3 4 3 3 3 3 3 2
5183587 1 4 3 3 2 2 2 3 3
5183589 1 4 3 2 3 2 2 3 3
5183590 1 4 2 3 3 2 2 3 3
5183596 1 4 2 2 3 3 2 3 3
5183716 1 3 3 3 3 2 2 3 3
5183717 2 4 4 3 3 2 2 3 3
5183724 2 4 3 3 3 3 2 3 3
5183848 1 3 3 2 3 3 2 3 3
5183849 2 4 4 2 3 3 2 3 3
5183850 2 4 3 3 3 3 2 3 3
5183864 2 4 3 2 3 3 3 3 3
5183992 3 4 4 3 3 3 3 3 3
5375902 1 4 4 3 3 3 3 1 1
5375918 1 4 4 3 3 3 2 2 1
5375930 1 4 4 3 2 3 3 2 1
5375932 1 4 4 2 3 3 3 2 1
5375974 1 4 4 3 3 2 2 2 2
5375978 1 4 4 3 2 3 2 2 2
5375992 1 4 4 2 2 3 3 2 2
5377852 1 4 4 1 3 3 3 3 1
5377882 1 4 4 2 2 3 3 2 2
5383097 1 4 4 3 3 3 2 2 1
5383145 1 4 4 3 3 3 1 2 2
5383153 1 4 4 3 3 2 2 2 2
5383160 1 4 3 3 3 3 2 2 2
5383837 1 4 4 3 3 3 3 1 1
5383853 1 4 4 3 3 3 2 2 1
5383865 1 4 4 3 2 3 3 2 1
5383868 1 4 3 3 3 3 3 2 1
5383885 1 4 4 3 3 3 2 1 2
5383897 1 4 4 3 2 3 3 1 2
5383900 1 4 3 3 3 3 3 1 2
5383909 1 4 4 3 3 2 2 2 2
5383913 1 4 4 3 2 3 2 2 2
5383916 1 4 3 3 3 3 2 2 2
5383928 1 4 3 3 2 3 3 2 2
5384120 1 3 4 3 3 3 3 2 1
5384168 1 3 4 3 3 3 2 2 2
5384184 2 4 4 3 3 3 3 2 2
5384633 1 4 4 3 3 2 2 3 1
5384665 1 4 4 3 3 2 2 2 2
5384681 1 4 4 3 3 2 1 3 2
5384696 1 4 3 3 3 2 2 3 2
5384877 1 4 4 3 3 3 1 3 1
5384885 1 4 4 3 3 2 2 3 1
5384889 1 4 4 3 2 3 2 3 1
5384892 1 4 3 3 3 3 2 3 1
5384909 1 4 4 3 3 3 1 2 2
5384917 1 4 4 3 3 2 2 2 2
5384921 1 4 4 3 2 3 2 2 2
5384924 1 4 3 3 3 3 2 2 2
5384933 1 4 4 3 3 2 1 3 2
5384937 1 4 4 3 2 3 1 3 2
5384940 1 4 3 3 3 3 1 3 2
5384945 1 4 4 3 2 2 2 3 2
5384948 1 4 3 3 3 2 2 3 2
5384952 1 4 3 3 2 3 2 3 2
5385017 1 4 4 2 3 3 2 3 1
5385018 1 4 3 3 3 3 2 3 1
5385035 1 4 4 3 3 3 1 2 2
5385043 1 4 4 3 3 2 2 2 2
5385049 1 4 4 2 3 3 2 2 2
5385050 1 4 3 3 3 3 2 2 2
5385059 1 4 4 3 3 2 1 3 2
5385065 1 4 4 2 3 3 1 3 2
5385066 1 4 3 3 3 3 1 3 2
5385073 1 4 4 2 3 2 2 3 2
5385074 1 4 3 3 3 2 2 3 2
5385080 1 4 3 2 3 3 2 3 2
5385144 1 3 4 3 3 3 2 3 1
5385176 1 3 4 3 3 3 2 2 2
5385192 1 3 4 3 3 3 1 3 2
5385200 1 3 4 3 3 2 2 3 2
5385208 2 4 4 3 3 3 2 3 2
5385785 1 4 4 2 2 3 3 3 1
5385786 1 4 3 3 2 3 3 3 1
5385788 1 4 3 2 3 3 3 3 1
5385817 1 4 4 2 2 3 3 2 2
5385818 1 4 3 3 2 3 3 2 2
5385820 1 4 3 2 3 3 3 2 2
5385827 1 4 4 3 2 2 2 3 2
5385829 1 4 4 2 3 2 2 3 2
5385830 1 4 3 3 3 2 2 3 2
5385833 1 4 4 2 2 3 2 3 2
5385834 1 4 3 3 2 3 2 3 2
5385836 1 4 3 2 3 3 2 3 2
5385848 1 4 3 2 2 3 3 3 2
5385916 2 4 4 3 3 3 3 3 1
5385948 2 4 4 3 3 3 3 2 2
5385956 1 3 4 3 3 2 2 3 2
5385960 1 3 4 3 2 3 2 3 2
5385964 2 4 4 3 3 3 2 3 2
5385976 2 4 4 3 2 3 3 3 2
5386074 2 4 4 3 3 3 3 2 2
5386082 1 3 4 3 3 2 2 3 2
5386088 1 3 4 2 3 3 2 3 2
5386090 2 4 4 3 3 3 2 3 2
5386104 2 4 4 2 3 3 3 3 2
5388517 1 4 4 3 3 1 1 3 3
5388521 1 4 4 3 2 2 1 3 3
5388524 1 4 3 3 3 2 1 3 3
5388536 1 4 3 3 2 2 2 3 3
5388776 1 3 4 3 3 2 1 3 3
5388792 2 4 4 3 3 2 2 3 3
5388905 1 4 4 2 2 3 1 3 3
5388906 1 4 3 3 2 3 1 3 3
5388913 1 4 4 2 2 2 2 3 3
5388914 1 4 3 3 2 2 2 3 3
5388920 1 4 3 2 2 3 2 3 3
5389036 2 4 4 3 3 3 1 3 3
5389044 2 4 4 3 3 2 2 3 3
5389048 2 4 4 3 2 3 2 3 3
5389944 2 4 4 2 2 3 3 3 3
5603358 1 4 0 3 3 3 3 2 0
5603406 1 4 0 3 3 3 2 2 1
5603418 1 4 0 3 2 3 3 2 1
5603516 1 4 1 3 3 3 3 3 0
5603548 1 4 1 3 3 3 3 2 1
5603572 1 4 1 3 3 2 3 3 1
5603769 1 4 3 3 3 3 3 3 0
5603801 1 4 3 3 3 3 3 2 1
5603817 1 4 3 3 3 3 2 3 1
5603832 1 4 2 3 3 3 3 3 1
5604147 1 4 3 3 3 3 3 3 0
5604179 1 4 3 3 3 3 3 2 1
5604209 1 4 3 2 3 3 3 3 1
5604210 1 4 2 3 3 3 3 3 1
5604305 1 3 4 3 3 3 3 2 1
5604336 1 3 3 3 3 3 3 3 1
5604337 2 4 4 3 3 3 3 3 1
5605061 1 3 4 3 3 3 3 2 1
5605092 1 3 3 3 3 3 3 3 1
5605093 2 4 4 3 3 3 3 3 1
5605312 1 1 4 3 3 3 3 2 1
5605344 1 2 4 3 3 3 3 3 1
5607502 1 4 1 3 3 3 2 2 2
5607514 1 4 1 3 2 3 3 2 2
5607629 1 4 3 3 3 3 2 2 2
5607637 1 4 3 3 3 2 3 2 2
5607641 1 4 3 3 2 3 3 2 2
5607644 1 4 2 3 3 3 3 2 2
5607665 1 4 3 3 2 2 3 3 2
5607668 1 4 2 3 3 2 3 3 2
5607896 1 3 3 3 3 3 3 2 2
5607897 2 4 4 3 3 3 3 2 2
5607912 1 3 3 3 3 3 2 3 2
5607913 2 4 4 3 3 3 2 3 2
5607928 2 4 3 3 3 3 3 3 2
5608274 1 3 3 3 3 3 3 2 2
5608275 2 4 4 3 3 3 3 2 2
5608306 2 4 3 3 3 3 3 3 2
5668894 1 4 0 3 3 3 3 1 1
5668910 1 4 0 3 3 3 2 2 1
5668918 1 4 0 3 3 2 3 2 1
5668922 1 4 0 3 2 3 3 2 1
5668924 1 4 0 2 3 3 3 2 1
5668966 1 4 0 3 3 2 2 2 2
5668970 1 4 0 3 2 3 2 2 2
5668972 1 4 0 2 3 3 2 2 2
5668984 1 4 0 2 2 3 3 2 2
5669052 1 4 1 3 3 3 3 2 1
5669084 1 4 1 3 3 3 3 1 2
5669100 1 4 1 3 3 3 2 2 2
5669108 1 4 1 3 3 2 3 2 2
5669112 1 4 1 3 2 3 3 2 2
5669305 1 4 3 3 3 3 3 2 1
5669353 1 4 3 3 3 3 2 2 2
5669368 1 4 2 3 3 3 3 2 2
5669430 1 4 1 3 3 3 3 2 1
5669462 1 4 1 3 3 3 3 1 2
5669478 1 4 1 3 3 3 2 2 2
5669490 1 4 1 3 2 3 3 2 2
5669492 1 4 1 2 3 3 3 2 2
5669557 1 4 3 3 3 3 3 2 1
5669589 1 4 3 3 3 3 3 1 2
5669605 1 4 3 3 3 3 2 2 2
5669617 1 4 3 3 2 3 3 2 2
5669620 1 4 2 3 3 3 3 2 2
5669683 1 4 3 3 3 3 3 2 1
5669715 1 4 3 3 3 3 3 1 2
5669731 1 4 3 3 3 3 2 2 2
5669745 1 4 3 2 3 3 3 2 2
5669746 1 4 2 3 3 3 3 2 2
5669809 1 3 4 3 3 3 3 2 1
5669841 1 3 4 3 3 3 3 1 2
5669857 1 3 4 3 3 3 2 2 2
5669872 1 3 3 3 3 3 3 2 2
5669873 2 4 4 3 3 3 3 2 2
5670439 1 4 3 3 3 3 3 2 1
5670499 1 4 3 3 2 3 3 2 2
5670502 1 4 2 3 3 3 3 2 2
5670565 1 3 4 3 3 3 3 2 1
5670597 1 3 4 3 3 3 3 1 2
5670625 1 3 4 3 2 3 3 2 2
5670628 1 3 3 3 3 3 3 2 2
5670629 2 4 4 3 3 3 3 2 2
5670816 1 1 4 3 3 3 3 2 1
5670880 1 2 4 3 3 3 3 2 2
5670958 1 4 1 3 3 3 2 3 1
5670966 1 4 1 3 3 2 3 3 1
5670970 1 4 1 3 2 3 3 3 1
5670972 1 4 1 2 3 3 3 3 1
5670990 1 4 1 3 3 3 2 2 2
5670998 1 4 1 3 3 2 3 2 2
5671002 1 4 1 3 2 3 3 2 2
5671004 1 4 1 2 3 3 3 2 2
5671014 1 4 1 3 3 2 2 3 2
5671018 1 4 1 3 2 3 2 3 2
5671020 1 4 1 2 3 3 2 3 2
5671026 1 4 1 3 2 2 3 3 2
5671028 1 4 1 2 3 2 3 3 2
5671032 1 4 1 2 2 3 3 3 2
5671085 1 4 3 3 3 3 2 3 1
5671093 1 4 3 3 3 2 3 3 1
5671097 1 4 3 3 2 3 3 3 1
5671100 1 4 2 3 3 3 3 3 1
5671117 1 4 3 3 3 3 2 2 2
5671125 1 4 3 3 3 2 3 2 2
5671129 1 4 3 3 2 3 3 2 2
5671132 1 4 2 3 3 3 3 2 2
5671141 1 4 3 3 3 2 2 3 2
5671145 1 4 3 3 2 3 2 3 2
5671148 1 4 2 3 3 3 2 3 2
5671153 1 4 3 3 2 2 3 3 2
5671156 1 4 2 3 3 2 3 3 2
5671160 1 4 2 3 2 3 3 3 2
5671211 1 4 3 3 3 3 2 3 1
5671219 1 4 3 3 3 2 3 3 1
5671225 1 4 3 2 3 3 3 3 1
5671226 1 4 2 3 3 3 3 3 1
5671243 1 4 3 3 3 3 2 2 2
5671251 1 4 3 3 3 2 3 2 2
5671257 1 4 3 2 3 3 3 2 2
5671258 1 4 2 3 3 3 3 2 2
5671267 1 4 3 3 3 2 2 3 2
5671273 1 4 3 2 3 3 2 3 2
5671274 1 4 2 3 3 3 2 3 2
5671281 1 4 3 2 3 2 3 3 2
5671282 1 4 2 3 3 2 3 3 2
5671288 1 4 2 2 3 3 3 3 2
5671337 1 3 4 3 3 3 2 3 1
5671345 1 3 4 3 3 2 3 3 1
5671352 1 3 3 3 3 3 3 3 1
5671353 2 4 4 3 3 3 3 3 1
5671369 1 3 4 3 3 3 2 2 2
5671377 1 3 4 3 3 2 3 2 2
5671384 1 3 3 3 3 3 3 2 2
5671385 2 4 4 3 3 3 3 2 2
5671393 1 3 4 3 3 2 2 3 2
5671400 1 3 3 3 3 3 2 3 2
5671401 2 4 4 3 3 3 2 3 2
5671408 1 3 3 3 3 2 3 3 2
5671409 2 4 4 3 3 2 3 3 2
5671416 2 4 3 3 3 3 3 3 2
5671475 1 4 3 3 2 3 3 3 1
5671477 1 4 3 2 3 3 3 3 1
5671478 1 4 2 3 3 3 3 3 1
5671507 1 4 3 3 2 3 3 2 2
5671509 1 4 3 2 3 3 3 2 2
5671510 1 4 2 3 3 3 3 2 2
5671523 1 4 3 3 2 3 2 3 2
5671525 1 4 3 2 3 3 2 3 2
5671526 1 4 2 3 3 3 2 3 2
5671537 1 4 3 2 2 3 3 3 2
5671538 1 4 2 3 2 3 3 3 2
5671540 1 4 2 2 3 3 3 3 2
5671601 1 3 4 3 2 3 3 3 1
5671604 1 3 3 3 3 3 3 3 1
5671605 2 4 4 3 3 3 3 3 1
5671636 1 3 3 3 3 3 3 2 2
5671637 2 4 4 3 3 3 3 2 2
5671649 1 3 4 3 2 3 2 3 2
5671652 1 3 3 3 3 3 2 3 2
5671653 2 4 4 3 3 3 2 3 2
5671664 1 3 3 3 2 3 3 3 2
5671665 2 4 4 3 2 3 3 3 2
5671668 2 4 3 3 3 3 3 3 2
5671729 1 3 4 2 3 3 3 3 1
5671730 1 3 3 3 3 3 3 3 1
5671731 2 4 4 3 3 3 3 3 1
5671762 1 3 3 3 3 3 3 2 2
5671763 2 4 4 3 3 3 3 2 2
5671777 1 3 4 2 3 3 2 3 2
5671778 1 3 3 3 3 3 2 3 2
5671779 2 4 4 3 3 3 2 3 2
5671792 1 3 3 2 3 3 3 3 2
5671793 2 4 4 2 3 3 3 3 2
5671794 2 4 3 3 3 3 3 3 2
5671856 1 2 4 3 3 3 3 3 1
5671904 1 2 4 3 3 3 2 3 2
5671920 2 3 4 3 3 3 3 3 2
5672011 1 4 3 3 2 3 3 2 2
5672013 1 4 3 2 3 3 3 2 2
5672014 1 4 2 3 3 3 3 2 2
5672035 1 4 3 3 2 2 3 3 2
5672037 1 4 3 2 3 2 3 3 2
5672038 1 4 2 3 3 2 3 3 2
5672041 1 4 3 2 2 3 3 3 2
5672042 1 4 2 3 2 3 3 3 2
5672044 1 4 2 2 3 3 3 3 2
5672140 1 3 3 3 3 3 3 2 2
5672141 2 4 4 3 3 3 3 2 2
5672161 1 3 4 3 2 2 3 3 2
5672164 1 3 3 3 3 2 3 3 2
5672165 2 4 4 3 3 2 3 3 2
5672168 1 3 3 3 2 3 3 3 2
5672169 2 4 4 3 2 3 3 3 2
5672172 2 4 3 3 3 3 3 3 2
5672266 1 3 3 3 3 3 3 2 2
5672267 2 4 4 3 3 3 3 2 2
5672289 1 3 4 2 3 2 3 3 2
5672290 1 3 3 3 3 2 3 3 2
5672291 2 4 4 3 3 2 3 3 2
5672296 1 3 3 2 3 3 3 3 2
5672297 2 4 4 2 3 3 3 3 2
5672298 2 4 3 3 3 3 3 3 2
5672416 1 2 4 3 3 2 3 3 2
5672424 2 3 4 3 3 3 3 3 2
5672545 1 3 4 2 2 3 3 3 2
5672546 1 3 3 3 2 3 3 3 2
5672547 2 4 4 3 2 3 3 3 2
5672548 1 3 3 2 3 3 3 3 2
5672549 2 4 4 2 3 3 3 3 2
5672550 2 4 3 3 3 3 3 3 2
5672672 1 2 4 3 2 3 3 3 2
5672676 2 3 4 3 3 3 3 3 2
5672800 1 2 4 2 3 3 3 3 2
5672802 2 3 4 3 3 3 3 3 2
5675107 1 4 3 3 2 2 2 3 3
5675110 1 4 2 3 3 2 2 3 3
5675113 1 4 3 2 2 3 2 3 3
5675114 1 4 2 3 2 3 2 3 3
5675116 1 4 2 2 3 3 2 3 3
5675128 1 4 2 2 2 3 3 3 3
5675236 1 3 3 3 3 2 2 3 3
5675237 2 4 4 3 3 2 2 3 3
5675240 1 3 3 3 2 3 2 3 3
5675241 2 4 4 3 2 3 2 3 3
5675244 2 4 3 3 3 3 2 3 3
5675248 1 3 3 3 2 2 3 3 3
5675249 2 4 4 3 2 2 3 3 3
5675252 2 4 3 3 3 2 3 3 3
5675256 2 4 3 3 2 3 3 3 3
5675496 2 3 4 3 3 3 2 3 3
5675512 3 4 4 3 3 3 3 3 3
5675632 1 3 3 2 2 3 3 3 3
5675633 2 4 4 2 2 3 3 3 3
5675634 2 4 3 3 2 3 3 3 3
5675636 2 4 3 2 3 3 3 3 3
5675764 3 4 4 3 3 3 3 3 3
5675890 3 4 4 3 3 3 3 3 3
7536670 1 4 0 3 3 2 2 2 2
7536686 1 4 0 3 3 2 1 3 2
7536698 1 4 0 3 2 2 2 3 2
7536742 1 4 0 3 3 1 1 3 3
7536828 1 4 1 3 3 2 2 3 2
7536876 1 4 1 3 3 2 1 3 3
7536888 1 4 1 3 2 2 2 3 3
7537081 1 4 3 3 3 2 2 3 2
7537129 1 4 3 3 3 2 1 3 3
7537144 1 4 2 3 3 2 2 3 3
7537182 1 4 1 3 3 3 2 2 2
7537198 1 4 1 3 3 3 1 3 2
7537206 1 4 1 3 3 2 2 3 2
7537210 1 4 1 3 2 3 2 3 2
7537254 1 4 1 3 3 2 1 3 3
7537309 1 4 3 3 3 3 2 2 2
7537325 1 4 3 3 3 3 1 3 2
7537333 1 4 3 3 3 2 2 3 2
7537337 1 4 3 3 2 3 2 3 2
7537340 1 4 2 3 3 3 2 3 2
7537381 1 4 3 3 3 2 1 3 3
7537385 1 4 3 3 2 3 1 3 3
7537388 1 4 2 3 3 3 1 3 3
7537393 1 4 3 3 2 2 2 3 3
7537396 1 4 2 3 3 2 2 3 3
7537400 1 4 2 3 2 3 2 3 3
7537561 1 3 4 3 3 3 2 2 2
7537592 1 3 3 3 3 3 2 3 2
7537593 2 4 4 3 3 3 2 3 2
7537640 1 3 3 3 3 3 1 3 3
7537641 2 4 4 3 3 3 1 3 3
7537648 1 3 3 3 3 2 2 3 3
7537649 2 4 4 3 3 2 2 3 3
7537656 2 4 3 3 3 3 2 3 3
7538203 1 4 3 3 2 3 3 2 2
7538206 1 4 2 3 3 3 3 2 2
7538215 1 4 3 3 3 2 2 3 2
7538219 1 4 3 3 2 3 2 3 2
7538222 1 4 2 3 3 3 2 3 2
7538234 1 4 2 3 2 3 3 3 2
7538278 1 4 2 3 3 2 2 3 3
7538332 1 3 3 3 3 3 3 2 2
7538333 2 4 4 3 3 3 3 2 2
7538341 1 3 4 3 3 2 2 3 2
7538348 1 3 3 3 3 3 2 3 2
7538349 2 4 4 3 3 3 2 3 2
7538360 1 3 3 3 2 3 3 3 2
7538361 2 4 4 3 2 3 3 3 2
7538364 2 4 3 3 3 3 3 3 2
7538404 1 3 3 3 3 2 2 3 3
7538405 2 4 4 3 3 2 2 3 3
7538412 2 4 3 3 3 3 2 3 3
7538424 2 4 3 3 2 3 3 3 3
7538680 3 4 4 3 3 3 3 3 3
7538893 1 4 3 3 3 2 1 3 3
7538908 1 4 2 3 3 2 2 3 3
7539404 1 3 3 3 3 3 1 3 3
7539405 2 4 4 3 3 3 1 3 3
7539412 1 3 3 3 3 2 2 3 3
7539413 2 4 4 3 3 2 2 3 3
7539420 2 4 3 3 3 3 2 3 3
7540444 3 4 4 3 3 3 3 3 3
15400974 1 3 0 3 3 3 2 2 2
15400975 1 4 1 3 3 3 2 2 2
15400982 1 3 0 3 3 2 3 2 2
15400983 1 4 1 3 3 2 3 2 2
15400988 1 3 0 2 3 3 3 2 2
15400989 1 4 1 2 3 3 3 2 2
15400990 2 4 0 3 3 3 3 2 2
15401014 2 4 0 3 3 2 3 3 2
15401018 2 4 0 3 2 3 3 3 2
15401116 1 3 1 3 3 3 3 2 2
15401117 1 4 2 3 3 3 3 2 2
15401132 1 3 1 3 3 3 2 3 2
15401133 1 4 2 3 3 3 2 3 2
15401140 1 3 1 3 3 2 3 3 2
15401141 1 4 2 3 3 2 3 3 2
15401144 1 3 1 3 2 3 3 3 2
15401145 1 4 2 3 2 3 3 3 2
15401148 2 4 1 3 3 3 3 3 2
15401188 1 3 1 3 3 2 2 3 3
15401189 1 4 2 3 3 2 2 3 3
15401196 2 4 1 3 3 3 2 3 3
15401200 1 3 1 3 2 2 3 3 3
15401201 1 4 2 3 2 2 3 3 3
15401204 2 4 1 3 3 2 3 3 3
15401369 1 3 3 3 3 3 3 2 2
15401393 1 3 3 3 3 2 3 3 2
15401400 1 3 2 3 3 3 3 3 2
15401401 2 4 3 3 3 3 3 3 2
15401417 1 3 3 3 3 3 2 2 3
15401425 1 3 3 3 3 2 3 2 3
15401432 1 3 2 3 3 3 3 2 3
15401433 2 4 3 3 3 3 3 2 3
15401456 1 3 2 3 3 2 3 3 3
15401457 2 4 3 3 3 2 3 3 3
15401464 2 4 2 3 3 3 3 3 3
15401968 2 3 3 3 3 3 3 3 3
15401969 3 4 4 3 3 3 3 3 3
15402149 1 3 3 3 3 2 3 3 2
15402153 1 3 3 3 2 3 3 3 2
15402156 1 3 2 3 3 3 3 3 2
15402157 2 4 3 3 3 3 3 3 2
15402220 2 4 2 3 3 3 3 3 3
15402275 1 3 3 3 3 2 3 3 2
15402281 1 3 3 2 3 3 3 3 2
15402282 1 3 2 3 3 3 3 3 2
15402283 2 4 3 3 3 3 3 3 2
15402314 1 3 2 3 3 3 3 2 3
15402315 2 4 3 3 3 3 3 2 3
15402346 2 4 2 3 3 3 3 3 3
15402472 2 3 3 3 3 3 3 3 3
15402473 3 4 4 3 3 3 3 3 3
15402850 2 3 3 3 3 3 3 3 3
15402851 3 4 4 3 3 3 3 3 3
48373774 1 3 0 3 3 3 2 2 2
48373775 1 4 1 3 3 3 2 2 2
48373790 2 4 0 3 3 3 3 2 2
48373816 1 3 0 2 2 3 3 3 2
48373817 1 4 1 2 2 3 3 3 2
48373818 2 4 0 3 2 3 3 3 2
48373916 1 3 1 3 3 3 3 2 2
48373917 1 4 2 3 3 3 3 2 2
48373944 1 3 1 3 2 3 3 3 2
48373945 1 4 2 3 2 3 3 3 2
48373948 2 4 1 3 3 3 3 3 2
48373964 1 3 1 3 3 3 2 2 3
48373965 1 4 2 3 3 3 2 2 3
48373980 2 4 1 3 3 3 3 2 3
48374169 1 3 3 3 3 3 3 2 2
48374200 1 3 2 3 3 3 3 3 2
48374201 2 4 3 3 3 3 3 3 2
48374217 1 3 3 3 3 3 2 2 3
48374232 1 3 2 3 3 3 3 2 3
48374233 2 4 3 3 3 3 3 2 3
48374264 2 4 2 3 3 3 3 3 3
48374421 1 3 3 3 3 3 3 2 2
48374452 1 3 2 3 3 3 3 3 2
48374453 2 4 3 3 3 3 3 3 2
48374516 2 4 2 3 3 3 3 3 3
48374768 2 3 3 3 3 3 3 3 3
48374769 3 4 4 3 3 3 3 3 3
48377414 2 3 3 3 3 3 3 3 3
48377415 3 4 4 3 3 3 3 3 3
