841759 1 5 3 3 3 3 3 1 1
841775 1 5 3 3 3 3 2 2 1
841790 1 5 2 3 3 3 3 2 1
841831 1 5 3 3 3 2 2 2 2
841835 1 5 3 3 2 3 2 2 2
841838 1 5 2 3 3 3 2 2 2
871455 1 5 3 3 3 3 3 2 0
871503 1 5 3 3 3 3 2 2 1
871515 1 5 3 3 2 3 3 2 1
871517 1 5 3 2 3 3 3 2 1
873503 1 5 3 3 3 3 3 1 1
873519 1 5 3 3 3 3 2 2 1
873527 1 5 3 3 3 2 3 2 1
873531 1 5 3 3 2 3 3 2 1
873533 1 5 3 2 3 3 3 2 1
873534 1 5 2 3 3 3 3 2 1
873575 1 5 3 3 3 2 2 2 2
873579 1 5 3 3 2 3 2 2 2
873581 1 5 3 2 3 3 2 2 2
873582 1 5 2 3 3 3 2 2 2
873593 1 5 3 2 2 3 3 2 2
873596 1 5 2 2 3 3 3 2 2
5048479 1 5 3 3 3 3 3 2 0
5048527 1 5 3 3 3 3 2 2 1
5048541 1 5 3 2 3 3 3 2 1
5050527 1 5 3 3 3 3 3 1 1
5050543 1 5 3 3 3 3 2 2 1
5050557 1 5 3 2 3 3 3 2 1
5050558 1 5 2 3 3 3 3 2 1
5050599 1 5 3 3 3 2 2 2 2
5050605 1 5 3 2 3 3 2 2 2
5050620 1 5 2 2 3 3 3 2 2
5183503 1 4 3 3 3 3 2 2 2
5183517 1 4 3 2 3 3 3 2 2
5183519 2 5 3 3 3 3 3 2 2
5183527 1 4 3 3 3 2 2 3 2
5183533 1 4 3 2 3 3 2 3 2
5183535 2 5 3 3 3 3 2 3 2
5183549 2 5 3 2 3 3 3 3 2
5183587 1 4 3 3 2 2 2 3 3
5183591 2 5 3 3 3 2 2 3 3
5388319 1 5 3 3 3 2 2 2 2
5388335 1 5 3 3 3 2 1 3 2
5388349 1 5 3 2 3 2 2 3 2
5388391 1 5 3 3 3 1 1 3 3
5675023 1 4 3 3 3 3 2 2 2
5675035 1 4 3 3 2 3 3 2 2
5675038 1 4 2 3 3 3 3 2 2
5675039 2 5 3 3 3 3 3 2 2
5675059 1 4 3 3 2 2 3 3 2
5675063 2 5 3 3 3 2 3 3 2
5675069 2 5 3 2 3 3 3 3 2
