15
0 226 15 18 1 15 2 2 2 2 3 3 3 3 3 3 3 3 3 3 3 18 1 1 1 1 1 1 1 2 2 3 3 3 3 3 3 3 3 4
0 1626 15 18 1 15 1 2 2 3 3 3 3 3 3 4 4 4 4 4 4 18 1 1 1 1 1 1 1 1 3 3 3 3 4 4 4 4 4 5
0 2439 15 18 1 15 2 3 3 3 3 3 4 4 4 4 4 4 4 4 4 18 1 1 1 1 1 1 2 3 3 4 4 4 4 4 4 4 4 5
0 2984 15 18 1 15 1 3 3 3 4 4 4 4 4 4 4 4 4 4 4 18 1 1 1 1 1 1 3 3 4 4 4 4 4 4 4 4 4 4
0 4073 15 18 1 15 2 4 4 4 4 4 4 4 4 4 4 4 4 4 4 18 1 1 1 1 1 3 4 4 4 4 4 4 4 4 4 4 4 4
0 5519 15 18 1 15 2 3 3 3 3 3 3 4 4 4 5 5 5 5 5 18 1 1 1 1 1 1 1 3 4 4 4 4 4 5 5 5 5 5
0 6085 15 18 1 15 3 3 3 4 4 4 4 4 4 4 5 5 5 5 5 18 1 1 1 1 1 3 3 3 4 4 4 4 5 5 5 5 5 5
0 6998 15 18 1 15 3 3 3 3 4 4 4 4 4 5 5 5 5 5 5 18 1 1 1 1 1 1 3 3 4 4 5 5 5 5 5 5 5 5
0 7610 15 18 1 15 2 2 2 3 4 4 4 4 5 5 5 5 5 5 5 18 1 1 1 1 1 1 2 3 4 4 4 5 5 5 5 5 5 5
0 8179 15 18 1 15 2 2 3 3 4 4 4 5 5 5 5 5 5 5 5 18 1 1 1 1 1 1 3 3 4 4 5 5 5 5 5 5 5 5
0 8727 15 18 1 15 3 3 4 4 4 4 5 5 5 5 5 5 5 5 5 18 1 1 1 1 2 3 3 4 4 5 5 5 5 5 5 5 5 5
0 9440 15 18 1 15 3 4 4 4 4 5 5 5 5 5 5 5 5 5 5 18 1 1 1 1 2 3 4 4 4 5 5 5 5 5 5 5 5 6
0 10098 15 18 1 15 2 3 3 5 5 5 5 5 5 5 5 5 5 5 5 18 1 1 1 1 1 1 4 4 5 5 5 5 5 5 5 5 6 6
0 11007 15 18 1 15 3 3 5 5 5 5 5 5 5 5 5 5 5 5 5 18 1 1 1 1 1 4 5 5 5 5 5 5 5 5 5 5 5 5
1 429 15 19 2 15 4 4 5 5 5 5 5 5 5 5 5 5 5 5 5 19 1 1 1 1 1 1 4 4 5 5 5 5 5 5 5 5 5 5 5
