841743 1 4 3 3 3 3 2 1 1
841758 1 4 2 3 3 3 3 1 1
841767 1 4 3 3 3 2 2 2 1
841771 1 4 3 3 2 3 2 2 1
841774 1 4 2 3 3 3 2 2 1
841827 1 4 3 3 2 2 2 2 2
841830 1 4 2 3 3 2 2 2 2
841834 1 4 2 3 2 3 2 2 2
871439 1 4 3 3 3 3 2 2 0
871451 1 4 3 3 2 3 3 2 0
871453 1 4 3 2 3 3 3 2 0
871495 1 4 3 3 3 2 2 2 1
871499 1 4 3 3 2 3 2 2 1
871502 1 4 2 3 3 3 2 2 1
873487 1 4 3 3 3 3 2 1 1
873499 1 4 3 3 2 3 3 1 1
873501 1 4 3 2 3 3 3 1 1
873511 1 4 3 3 3 2 2 2 1
873515 1 4 3 3 2 3 2 2 1
873517 1 4 3 2 3 3 2 2 1
873518 1 4 2 3 3 3 2 2 1
873523 1 4 3 3 2 2 3 2 1
873525 1 4 3 2 3 2 3 2 1
873526 1 4 2 3 3 2 3 2 1
873529 1 4 3 2 2 3 3 2 1
873530 1 4 2 3 2 3 3 2 1
873532 1 4 2 2 3 3 3 2 1
873571 1 4 3 3 2 2 2 2 2
873573 1 4 3 2 3 2 2 2 2
873577 1 4 3 2 2 3 2 2 2
873578 1 4 2 3 2 3 2 2 2
873580 1 4 2 2 3 3 2 2 2
873592 1 4 2 2 2 3 3 2 2
5048463 1 4 3 3 3 3 2 2 0
5048477 1 4 3 2 3 3 3 2 0
5048519 1 4 3 3 3 2 2 2 1
5048540 1 4 2 2 3 3 3 2 1
5050511 1 4 3 3 3 3 2 1 1
5050525 1 4 3 2 3 3 3 1 1
5050535 1 4 3 3 3 2 2 2 1
5050541 1 4 3 2 3 3 2 2 1
5050542 1 4 2 3 3 3 2 2 1
5050556 1 4 2 2 3 3 3 2 1
5050595 1 4 3 3 2 2 2 2 2
5050597 1 4 3 2 3 2 2 2 2
5050604 1 4 2 2 3 3 2 2 2
5183495 1 3 3 3 3 2 2 2 2
5183501 1 3 3 2 3 3 2 2 2
5183503 2 4 3 3 3 3 2 2 2
5183516 1 3 2 2 3 3 3 2 2
5183517 2 4 3 2 3 3 3 2 2
5183523 1 3 3 3 2 2 2 3 2
5183525 1 3 3 2 3 2 2 3 2
5183527 2 4 3 3 3 2 2 3 2
5183533 2 4 3 2 3 3 2 3 2
5183587 2 4 3 3 2 2 2 3 3
5388303 1 4 3 3 3 2 1 2 2
5388315 1 4 3 3 2 2 2 2 2
5388318 1 4 2 3 3 2 2 2 2
5388327 1 4 3 3 3 1 1 3 2
5388333 1 4 3 2 3 2 1 3 2
5675015 1 3 3 3 3 2 2 2 2
5675021 1 3 3 2 3 3 2 2 2
5675023 2 4 3 3 3 3 2 2 2
5675033 1 3 3 2 2 3 3 2 2
5675034 1 3 2 3 2 3 3 2 2
5675035 2 4 3 3 2 3 3 2 2
5675038 2 4 2 3 3 3 3 2 2
5675059 2 4 3 3 2 2 3 3 2
