24
0 3349 15 18 1 15 1 3 3 4 4 4 4 4 4 4 4 4 4 4 4 18 1 1 1 1 1 2 3 3 4 4 4 4 4 4 4 4 4 4
0 4629 15 18 1 15 1 3 3 4 4 4 4 4 4 4 4 4 5 5 5 18 1 1 1 1 1 1 2 3 4 4 4 4 4 5 5 5 5 5
0 4687 15 18 1 15 1 3 4 4 4 4 4 4 4 4 4 4 5 5 5 18 1 1 1 1 1 1 2 4 4 4 4 4 4 5 5 5 5 5
0 5694 15 18 1 15 0 3 3 3 3 4 4 4 4 4 5 5 5 5 5 18 1 1 1 1 1 1 2 3 3 4 4 4 4 5 5 5 5 5
0 5993 15 18 1 15 1 3 3 4 4 4 4 4 4 4 5 5 5 5 5 18 1 1 1 1 1 2 3 3 4 4 4 4 4 5 5 5 5 5
0 6139 15 18 1 15 1 3 4 4 4 4 4 4 4 4 5 5 5 5 5 18 1 1 1 1 1 2 3 4 4 4 4 4 4 5 5 5 5 5
0 6273 15 18 1 15 1 4 4 4 4 4 4 4 4 4 5 5 5 5 5 18 1 1 1 1 1 2 4 4 4 4 4 4 4 5 5 5 5 5
0 6848 15 18 1 15 0 3 3 3 3 4 4 4 4 5 5 5 5 5 5 18 1 1 1 1 1 1 2 3 3 4 4 4 5 5 5 5 5 5
0 7079 15 18 1 15 1 3 3 4 4 4 4 4 4 5 5 5 5 5 5 18 1 1 1 1 1 2 3 3 4 4 4 4 5 5 5 5 5 5
0 7225 15 18 1 15 1 3 4 4 4 4 4 4 4 5 5 5 5 5 5 18 1 1 1 1 1 2 3 4 4 4 4 4 5 5 5 5 5 5
0 7327 15 18 1 15 1 4 4 4 4 4 4 4 4 5 5 5 5 5 5 18 1 1 1 1 1 2 4 4 4 4 4 4 5 5 5 5 5 5
0 7728 15 18 1 15 1 3 3 4 4 4 4 4 5 5 5 5 5 5 5 18 1 1 1 1 1 2 3 3 4 4 4 5 5 5 5 5 5 5
0 7932 15 18 1 15 1 4 4 4 4 4 4 4 5 5 5 5 5 5 5 18 1 1 1 1 1 2 4 4 4 4 4 5 5 5 5 5 5 5
0 8254 15 18 1 15 1 1 4 4 4 4 4 5 5 5 5 5 5 5 5 18 1 1 1 1 1 1 2 4 4 4 5 5 5 5 5 5 5 5
0 8358 15 18 1 15 1 4 4 4 4 4 4 5 5 5 5 5 5 5 5 18 1 1 1 1 1 2 4 4 4 4 5 5 5 5 5 5 5 5
0 9107 15 18 1 15 1 3 3 4 4 5 5 5 5 5 5 5 5 5 5 18 1 1 1 1 1 2 3 4 4 5 5 5 5 5 5 5 5 5
0 9340 15 18 1 15 0 4 4 4 4 5 5 5 5 5 5 5 5 5 5 18 1 1 1 1 1 2 4 4 4 5 5 5 5 5 5 5 5 5
0 9573 15 18 1 15 1 3 3 3 5 5 5 5 5 5 5 5 5 5 5 18 1 1 1 1 1 2 3 3 5 5 5 5 5 5 5 5 5 5
0 9851 15 18 1 15 0 4 4 4 5 5 5 5 5 5 5 5 5 5 5 18 1 1 1 1 1 2 4 4 5 5 5 5 5 5 5 5 5 5
0 10068 15 18 1 15 0 3 3 5 5 5 5 5 5 5 5 5 5 5 5 18 1 1 1 1 1 2 3 4 5 5 5 5 5 5 5 5 5 5
0 10276 15 18 1 15 0 3 4 5 5 5 5 5 5 5 5 5 5 5 5 18 1 1 1 1 1 2 4 4 5 5 5 5 5 5 5 5 5 5
0 10509 15 18 1 15 0 4 4 5 5 5 5 5 5 5 5 5 5 5 5 18 1 1 1 1 1 2 4 4 5 5 5 5 5 5 5 5 5 6
0 10510 15 18 1 15 0 4 4 5 5 5 5 5 5 5 5 5 5 5 5 18 1 1 1 1 1 2 4 5 5 5 5 5 5 5 5 5 5 5
0 10845 15 18 1 15 1 1 5 5 5 5 5 5 5 5 5 5 5 5 5 18 1 1 1 1 1 1 3 5 5 5 5 5 5 5 5 5 5 6
