0 452144 1 1 1 6 1 1 1 1 2 2 2 2 2 4 4
0 513584 1 1 1 1 6 1 1 1 2 2 2 3 3 4 4
0 523568 2 1 1 1 6 1 1 1 2 2 4 4 4 4 4
0 908848 1 1 1 1 1 6 1 1 2 2 3 3 4 4 4
0 914608 1 1 1 1 1 6 1 1 2 2 3 3 4 4 4
0 1014192 2 1 1 6 1 1 1 1 2 2 4 4 4 4 4
0 1014440 2 1 1 6 1 1 1 1 2 2 4 4 4 4 4
0 1023536 1 1 1 1 1 6 1 1 2 2 2 4 4 4 4
0 1025136 1 1 1 1 1 6 1 1 2 2 2 3 3 4 4
0 1027376 1 1 1 1 1 6 1 1 2 2 2 4 4 4 4
0 1029664 1 1 1 1 6 1 1 1 1 2 2 3 4 4 4
0 1031712 1 1 1 1 1 6 1 1 1 2 3 4 4 4 4
0 1041928 1 1 1 1 6 1 1 1 1 2 2 3 4 4 4
0 1043232 1 1 1 1 6 1 1 1 1 2 3 4 4 4 4
0 1043976 1 1 1 1 6 1 1 1 1 2 3 4 4 4 4
0 1045025 1 1 1 1 1 6 1 1 2 2 3 3 4 4 4
0 1047072 1 1 1 1 1 6 1 1 1 1 4 4 4 4 4
0 1047073 2 1 1 1 1 6 1 1 2 2 4 4 4 4 4
0 1048064 1 1 1 1 1 6 1 1 0 2 4 4 4 4 4
0 1168944 1 1 6 1 1 1 1 1 2 2 2 2 2 4 4
0 1291568 1 1 1 1 6 1 1 1 2 2 2 3 3 4 4
0 1396016 1 6 1 1 1 1 1 1 2 2 2 2 2 4 4
0 1426544 1 6 1 1 1 1 1 1 2 2 2 2 2 4 4
0 1545328 1 1 1 1 6 1 1 1 2 2 2 3 3 4 4
0 1549416 1 1 1 1 6 1 1 1 2 2 2 3 3 4 4
0 1553441 1 1 1 1 6 1 1 1 2 2 2 3 3 4 4
0 1736636 3 1 1 1 1 1 1 6 4 4 4 4 4 4 6
0 1765144 1 1 1 1 1 1 1 6 2 3 3 3 4 4 5
0 1765176 1 1 1 1 1 1 1 6 3 3 3 3 4 4 6
0 1765244 3 1 1 1 1 1 1 6 4 4 4 4 4 4 6
0 1767188 1 1 1 1 1 1 1 6 2 3 3 3 4 4 5
0 1769112 2 1 1 1 1 1 1 6 2 3 4 4 4 4 5
0 1769144 2 1 1 1 1 1 1 6 3 3 4 4 4 4 6
0 1769360 2 1 1 1 1 1 1 6 1 4 4 4 4 4 5
0 1769392 2 1 1 1 1 1 1 6 2 4 4 4 4 4 6
0 1825584 1 1 1 1 1 1 1 6 2 2 3 4 4 4 5
0 1826576 1 1 1 1 1 1 1 6 1 3 3 4 4 4 5
0 1826608 1 1 1 1 1 1 1 6 2 3 3 4 4 4 6
0 1831344 1 1 1 1 1 1 1 6 2 2 3 4 4 4 5
0 1831716 1 1 1 1 1 1 1 6 2 2 3 4 4 4 5
0 1832152 2 1 1 1 1 1 1 6 2 3 4 4 4 4 5
0 1832184 2 1 1 1 1 1 1 6 3 3 4 4 4 4 6
0 1832276 2 1 1 1 1 1 1 6 2 3 4 4 4 4 5
0 1832308 2 1 1 1 1 1 1 6 3 3 4 4 4 4 6
0 1832708 1 1 1 1 1 1 1 6 1 3 3 4 4 4 5
0 1832740 1 1 1 1 1 1 1 6 2 3 3 4 4 4 6
0 1833760 1 1 1 1 1 1 1 6 1 2 4 4 4 4 5
0 1834256 1 1 1 1 1 1 1 6 1 2 4 4 4 4 5
0 1834257 2 1 1 1 1 1 1 6 2 3 4 4 4 4 5
0 1834288 1 1 1 1 1 1 1 6 2 2 4 4 4 4 6
0 1834289 2 1 1 1 1 1 1 6 3 3 4 4 4 4 6
0 1834752 1 1 1 1 1 1 1 6 0 3 4 4 4 4 5
0 1834784 1 1 1 1 1 1 1 6 1 3 4 4 4 4 6
0 1883312 1 1 1 1 1 6 1 1 2 2 3 3 4 4 4
0 1897124 1 1 1 1 1 6 1 1 2 2 3 3 4 4 4
0 1946724 1 1 1 1 1 1 6 1 2 2 3 3 4 4 4
0 1948705 1 1 1 1 1 1 6 1 2 2 3 3 4 4 4
0 1954032 1 1 1 1 1 6 1 1 2 2 3 3 4 4 4
0 1954404 1 1 1 1 1 6 1 1 2 2 3 3 4 4 4
0 1954466 1 1 1 1 1 6 1 1 2 2 3 3 4 4 4
0 1956385 1 1 1 1 1 6 1 1 2 2 3 3 4 4 4
0 1962145 1 1 1 1 1 1 6 1 2 2 3 3 4 4 4
0 1990296 1 1 1 1 1 1 1 6 2 3 3 3 4 4 5
0 1990328 1 1 1 1 1 1 1 6 3 3 3 3 4 4 6
0 1990420 1 1 1 1 1 1 1 6 2 3 3 3 4 4 5
0 2020948 1 1 1 1 1 1 1 6 2 3 3 3 4 4 5
0 2020980 1 1 1 1 1 1 1 6 3 3 3 3 4 4 6
0 2022929 1 1 1 1 1 1 1 6 2 3 3 3 4 4 5
0 2022961 1 1 1 1 1 1 1 6 3 3 3 3 4 4 6
0 2025222 1 1 1 1 1 1 1 6 2 3 3 3 4 4 5
0 2064994 1 1 1 1 1 6 1 1 2 2 2 3 3 4 4
0 2066800 1 1 1 1 1 1 1 6 2 2 2 4 4 4 4
0 2066800 1 1 1 1 1 6 1 1 2 2 2 4 4 4 4
0 2069088 1 1 1 1 6 1 1 1 1 2 2 3 4 4 4
0 2070018 1 1 1 1 6 1 1 1 1 2 2 3 4 4 4
0 2071136 1 1 1 1 1 6 1 1 1 2 3 4 4 4 4
0 2072066 1 1 1 1 1 6 1 1 1 2 3 4 4 4 4
0 2079745 1 1 1 1 1 1 6 1 1 2 3 4 4 4 4
0 2083184 1 1 1 1 1 1 1 6 2 2 3 4 4 4 5
0 2083618 1 1 1 1 1 1 1 6 2 2 3 4 4 4 5
0 2084176 1 1 1 1 1 1 1 6 1 3 3 4 4 4 5
0 2084208 1 1 1 1 1 1 1 6 2 3 3 4 4 4 6
0 2084610 1 1 1 1 1 1 1 6 1 3 3 4 4 4 5
0 2084642 1 1 1 1 1 1 1 6 2 3 3 4 4 4 6
0 2087457 1 1 1 1 1 1 1 6 2 2 3 4 4 4 5
0 2095105 1 1 1 1 1 1 1 6 1 1 4 4 4 4 4
0 2096129 1 1 1 1 1 1 1 6 1 2 4 4 4 4 5
0 2096161 1 1 1 1 1 1 1 6 2 2 4 4 4 4 6
1 122672 1 5 1 1 1 2 1 1 2 3 3 3 3 3 3
1 192312 1 1 5 1 1 1 1 2 3 3 3 3 3 3 4
1 380706 1 5 1 1 1 1 2 1 2 3 3 3 3 3 3
1 384544 1 5 1 1 1 2 1 1 1 2 3 3 3 3 3
1 417464 1 1 1 1 1 1 5 2 3 3 3 3 3 3 4
1 417464 1 2 1 1 5 1 1 1 3 3 3 3 3 3 4
1 417464 1 5 1 1 1 1 1 2 3 3 3 3 3 3 4
1 417464 1 5 1 1 2 1 1 1 3 3 3 3 3 3 4
1 448116 1 1 1 1 1 1 5 2 3 3 3 3 3 3 4
1 448116 1 1 2 1 5 1 1 1 3 3 3 3 3 3 4
1 450096 1 1 5 1 2 1 1 1 2 2 3 3 3 3 4
1 450097 1 1 1 1 1 1 5 2 3 3 3 3 3 3 4
1 450097 1 1 2 1 5 1 1 1 3 3 3 3 3 3 4
1 453904 1 5 1 1 2 1 1 1 1 2 3 3 3 3 3
1 453936 1 1 5 2 1 1 1 1 2 2 3 3 3 3 4
1 454448 1 1 2 5 1 1 1 1 2 3 3 3 3 4 4
1 455856 1 1 5 2 1 1 1 1 2 2 3 3 3 3 4
1 458672 2 1 2 5 1 1 1 1 2 4 4 4 4 4 4
1 487208 1 1 2 1 5 1 1 1 2 3 3 3 3 4 4
1 487208 1 1 5 1 2 1 1 1 2 3 3 3 3 4 4
1 513536 1 5 1 1 2 1 1 1 0 2 2 3 3 3 3
1 513568 1 5 1 1 2 1 1 1 1 2 2 3 3 3 4
1 513584 1 1 5 1 2 1 1 1 2 2 2 3 3 4 4
1 515888 1 1 2 1 5 1 1 1 2 3 3 4 4 4 4
1 515888 2 1 5 1 2 1 1 1 2 3 3 4 4 4 4
1 521520 1 1 1 2 5 1 1 1 2 2 3 3 4 4 4
1 521588 2 1 1 2 5 1 1 1 3 3 4 4 4 4 4
1 523568 1 1 1 2 5 1 1 1 2 2 4 4 4 4 4
1 715568 1 1 5 1 1 1 1 2 2 2 3 3 3 3 4
1 715568 1 5 1 1 1 1 1 2 2 2 3 3 3 3 4
1 715568 1 5 1 1 2 1 1 1 2 2 3 3 3 3 4
1 716560 2 5 1 1 1 1 1 2 1 3 3 3 3 3 4
1 716592 1 1 1 5 1 1 1 2 2 3 3 3 3 3 5
1 716592 2 5 1 1 1 1 1 2 2 3 3 3 3 3 5
1 748328 1 1 5 1 1 1 1 2 2 2 3 3 3 3 4
1 748328 1 5 1 1 2 1 1 1 2 2 3 3 3 3 4
1 749352 1 1 1 1 5 1 1 2 2 3 3 3 3 3 5
1 749352 1 1 5 1 1 1 1 2 2 3 3 3 3 3 5
1 750000 1 5 1 1 1 1 1 2 2 2 3 3 3 3 4
1 750248 1 1 5 1 1 1 1 2 2 2 3 3 3 3 4
1 750372 1 1 5 1 1 1 1 2 2 2 3 3 3 3 4
1 750372 1 5 1 2 1 1 1 1 2 2 3 3 3 3 4
1 751396 1 1 1 1 5 1 1 2 2 3 3 3 3 3 5
1 751396 1 1 1 5 1 1 1 2 2 3 3 3 3 3 5
1 767520 1 5 1 1 2 1 1 1 1 2 2 3 3 3 4
1 775696 1 5 1 1 1 1 1 2 1 2 2 3 3 3 4
1 775728 1 1 5 1 1 1 1 2 2 2 2 3 3 3 5
1 782880 1 1 5 1 1 1 1 2 1 1 3 3 3 3 4
1 782881 1 1 5 1 1 1 1 2 2 2 3 3 3 3 4
1 783904 1 1 5 1 1 1 1 2 1 2 3 3 3 3 5
1 876216 1 1 1 1 1 1 2 5 3 3 3 3 4 4 4
1 876216 1 1 1 1 1 1 5 2 3 3 3 3 4 4 4
1 876216 1 1 2 1 1 5 1 1 3 3 3 3 4 4 4
1 876216 2 1 5 1 1 2 1 1 3 3 3 3 4 4 4
1 906800 1 1 5 1 1 2 1 1 2 2 2 2 4 4 4
1 906868 1 1 1 1 1 1 2 5 3 3 3 3 4 4 4
1 908848 2 1 5 1 1 2 1 1 2 2 3 3 4 4 4
1 908849 1 1 1 1 1 1 2 5 3 3 3 3 4 4 4
1 908849 1 1 2 1 1 5 1 1 3 3 3 3 4 4 4
1 908849 2 1 5 1 1 2 1 1 3 3 3 3 4 4 4
1 912688 1 1 1 5 1 2 1 1 2 2 3 3 4 4 4
1 913184 1 1 1 5 1 2 1 1 1 3 3 3 4 4 4
1 914608 1 1 1 5 1 2 1 1 2 2 3 3 4 4 4
1 914608 2 5 1 1 1 2 1 1 2 2 3 3 4 4 4
1 998832 1 1 1 1 1 1 2 5 2 3 3 4 4 4 4
1 998832 1 1 1 1 2 5 1 1 2 3 3 4 4 4 4
1 999080 1 1 1 1 1 1 2 5 2 3 3 4 4 4 4
1 999080 1 1 1 1 1 1 5 2 2 3 3 4 4 4 4
1 1002768 1 5 1 1 1 1 1 2 1 2 2 3 3 3 4
1 1002800 1 5 1 1 1 1 1 2 2 2 2 3 3 3 5
1 1007288 1 1 1 1 1 1 2 5 3 3 3 4 4 4 5
1 1010472 1 1 1 1 5 2 1 1 2 2 3 3 4 4 4
1 1011464 1 1 1 1 5 2 1 1 1 3 3 3 4 4 4
1 1011564 2 1 1 1 1 1 2 5 3 4 4 4 4 4 5
1 1012144 1 1 1 1 5 2 1 1 2 2 3 3 4 4 4
1 1012392 1 1 1 1 5 2 1 1 2 2 3 3 4 4 4
1 1013508 1 1 1 1 5 2 1 1 1 3 3 3 4 4 4
1 1014192 1 1 1 1 1 1 2 5 2 2 4 4 4 4 4
1 1014440 1 1 1 1 1 1 2 5 2 2 4 4 4 4 4
1 1014441 2 1 1 1 1 1 2 5 3 3 4 4 4 4 4
1 1014688 1 1 1 1 1 1 2 5 1 3 4 4 4 4 4
1 1014688 1 1 1 1 1 1 5 2 1 3 4 4 4 4 4
1 1014688 1 1 1 1 2 5 1 1 1 3 4 4 4 4 4
1 1015216 1 1 1 1 1 1 2 5 2 3 4 4 4 4 5
1 1015464 1 1 1 1 1 1 2 5 2 3 4 4 4 4 5
1 1015680 1 1 1 1 1 1 2 5 0 4 4 4 4 4 4
1 1015712 1 1 1 1 1 1 2 5 1 4 4 4 4 4 5
1 1025088 1 5 1 1 1 2 1 1 0 2 2 3 3 3 3
1 1025120 1 5 1 1 1 2 1 1 1 2 2 3 3 3 4
1 1025136 1 5 1 1 1 2 1 1 2 2 2 3 3 4 4
1 1027440 1 1 1 1 1 1 2 5 2 3 3 4 4 4 4
1 1027440 1 1 1 1 2 5 1 1 2 3 3 4 4 4 4
1 1027688 1 1 1 1 1 1 2 5 2 3 3 4 4 4 4
1 1027688 1 1 1 1 1 1 5 2 2 3 3 4 4 4 4
1 1027874 1 1 1 1 1 1 2 5 2 3 3 4 4 4 4
1 1027874 1 1 1 1 1 1 5 2 2 3 3 4 4 4 4
1 1027874 1 1 1 1 2 5 1 1 2 3 3 4 4 4 4
1 1027874 1 1 1 1 5 2 1 1 2 3 3 4 4 4 4
1 1027874 1 1 2 1 5 1 1 1 2 3 3 4 4 4 4
1 1027874 2 1 5 1 2 1 1 1 2 3 3 4 4 4 4
1 1029664 1 1 5 1 1 2 1 1 1 2 2 3 4 4 4
1 1031713 1 1 1 1 1 1 2 5 2 3 3 4 4 4 4
1 1031713 1 1 1 1 1 1 5 2 2 3 3 4 4 4 4
1 1033296 1 5 1 1 1 1 1 2 1 2 2 3 3 3 4
1 1033328 1 5 1 1 1 1 1 2 2 2 2 3 3 3 5
1 1035896 1 1 1 1 1 1 2 5 3 3 3 4 4 4 5
1 1039921 1 1 1 1 1 1 2 5 3 3 3 4 4 4 5
1 1041928 1 1 1 5 1 2 1 1 1 2 2 3 4 4 4
1 1041996 1 1 1 1 1 1 2 5 2 3 3 4 4 4 4
1 1042058 1 1 1 1 1 1 2 5 2 3 3 4 4 4 4
1 1043232 1 1 1 5 1 2 1 1 1 2 3 4 4 4 4
1 1043976 1 1 1 5 1 2 1 1 1 2 3 4 4 4 4
1 1044224 1 1 1 5 1 2 1 1 0 3 3 4 4 4 4
1 1045025 1 1 1 1 5 2 1 1 2 2 3 3 4 4 4
1 1045025 1 1 1 2 5 1 1 1 2 2 3 3 4 4 4
1 1046016 1 1 5 1 1 2 1 1 0 2 3 3 4 4 4
1 1047073 1 1 1 1 1 1 2 5 2 2 4 4 4 4 4
1 1047073 1 1 1 1 2 5 1 1 2 2 4 4 4 4 4
1 1048065 1 1 1 1 1 1 2 5 1 3 4 4 4 4 4
1 1048097 1 1 1 1 1 1 2 5 2 3 4 4 4 4 5
1 1171248 1 1 1 1 5 1 1 2 2 3 3 3 3 4 4
1 1175336 1 1 1 1 5 1 1 2 2 3 3 3 3 4 4
1 1175336 1 1 2 5 1 1 1 1 2 3 3 3 3 4 4
1 1175336 1 1 5 1 1 1 2 1 2 3 3 3 3 4 4
1 1175336 1 1 5 2 1 1 1 1 2 3 3 3 3 4 4
1 1175336 2 5 1 1 1 1 2 1 2 3 3 3 3 4 4
1 1177380 1 1 1 1 5 1 1 2 2 3 3 3 3 4 4
1 1177380 1 1 1 5 1 1 2 1 2 3 3 3 3 4 4
1 1240888 2 1 5 1 1 1 1 2 3 3 3 3 3 4 5
1 1275660 1 1 1 5 1 1 1 2 2 3 3 3 3 4 4
1 1291568 1 1 1 5 1 1 1 2 2 2 2 3 3 4 4
1 1291568 1 5 1 1 2 1 1 1 2 2 2 3 3 4 4
1 1307424 1 1 5 1 1 1 1 2 1 2 3 3 3 4 4
1 1307952 1 1 1 1 5 1 1 2 2 2 3 3 3 4 5
1 1308448 1 1 1 1 5 1 1 2 1 3 3 3 3 4 5
1 1400488 1 1 1 5 1 1 2 1 2 3 3 3 3 4 4
1 1428784 1 1 1 5 1 1 2 1 2 2 2 3 3 4 4
1 1428784 1 5 1 1 1 1 2 1 2 2 2 3 3 4 4
1 1428848 1 1 1 1 1 5 1 2 2 3 3 3 3 4 4
1 1429096 1 1 1 1 1 5 1 2 2 3 3 3 3 4 4
1 1429096 1 1 1 1 5 1 1 2 2 3 3 3 3 4 4
1 1429096 1 1 1 5 1 1 2 1 2 3 3 3 3 4 4
1 1429096 1 1 5 1 1 1 2 1 2 3 3 3 3 4 4
1 1429282 1 1 1 1 1 5 1 2 2 3 3 3 3 4 4
1 1429282 1 1 1 1 5 1 1 2 2 3 3 3 3 4 4
1 1429282 1 1 1 5 1 1 2 1 2 3 3 3 3 4 4
1 1429282 2 5 1 1 1 1 2 1 2 3 3 3 3 4 4
1 1431072 1 5 1 1 1 1 2 1 1 2 2 2 3 4 4
1 1433121 1 1 1 1 1 5 1 2 2 3 3 3 3 4 4
1 1433121 1 1 1 5 1 1 2 1 2 3 3 3 3 4 4
1 1436960 1 1 5 1 1 1 2 1 1 2 3 3 3 4 4
1 1436960 2 5 1 1 1 1 2 1 1 2 3 3 3 4 4
1 1466040 1 1 1 1 1 1 5 2 3 3 3 3 3 4 5
1 1466040 2 5 1 1 1 1 1 2 3 3 3 3 3 4 5
1 1470220 1 1 1 1 1 5 1 2 2 3 3 3 3 4 4
1 1470220 1 1 1 5 1 1 2 1 2 3 3 3 3 4 4
1 1470220 1 1 2 5 1 1 1 1 2 3 3 3 3 4 4
1 1488048 1 1 1 5 1 1 1 2 2 2 2 3 3 4 4
1 1496692 1 1 1 1 1 1 5 2 3 3 3 3 3 4 5
1 1498673 1 1 1 1 1 1 5 2 3 3 3 3 3 4 5
1 1500748 1 1 1 1 1 5 1 2 2 3 3 3 3 4 4
1 1500810 1 1 1 1 1 5 1 2 2 3 3 3 3 4 4
1 1500810 1 1 1 1 5 1 2 1 2 3 3 3 3 4 4
1 1500810 1 1 5 1 1 1 2 1 2 3 3 3 3 4 4
1 1501984 1 1 5 1 1 1 1 2 1 2 3 3 3 4 4
1 1503008 1 1 5 1 1 1 1 2 1 3 3 3 3 4 5
1 1504432 1 1 1 5 1 1 1 2 2 2 3 3 3 4 5
1 1514800 1 1 5 1 1 1 2 1 2 2 2 3 3 4 4
1 1514800 1 5 1 1 1 1 2 1 2 2 2 3 3 4 4
1 1518888 1 1 5 1 1 1 2 1 2 2 2 3 3 4 4
1 1520808 1 1 1 5 1 1 1 2 2 2 2 3 3 4 4
1 1520808 1 1 5 1 1 1 2 1 2 2 2 3 3 4 4
1 1520808 1 5 1 1 1 1 2 1 2 2 2 3 3 4 4
1 1535240 1 1 5 1 1 1 2 1 1 2 3 3 3 4 4
1 1536416 2 5 1 1 1 1 2 1 1 2 3 3 3 4 4
1 1537160 1 1 5 1 1 1 2 1 1 2 3 3 3 4 4
1 1537192 1 1 1 5 1 1 1 2 2 2 3 3 3 4 5
1 1537284 1 1 5 1 1 1 2 1 1 2 3 3 3 4 4
1 1545328 1 1 5 1 1 1 2 1 2 2 2 3 3 4 4
1 1545328 1 5 1 1 1 1 2 1 2 2 2 3 3 4 4
1 1545328 1 5 1 1 2 1 1 1 2 2 2 3 3 4 4
1 1549416 1 1 5 1 1 1 2 1 2 2 2 3 3 4 4
1 1549416 1 5 1 1 1 1 2 1 2 2 2 3 3 4 4
1 1553440 1 1 5 1 1 1 2 1 1 1 2 3 3 4 4
1 1553441 1 1 1 5 1 1 1 2 2 2 2 3 3 4 4
1 1553441 1 1 5 1 1 1 2 1 2 2 2 3 3 4 4
1 1561120 1 5 1 1 1 1 2 1 1 1 2 3 3 4 4
1 1564960 1 5 1 1 1 1 2 1 1 1 2 3 3 4 4
1 1569792 1 1 5 1 1 1 2 1 0 1 3 3 3 4 4
1 1569793 1 1 5 1 1 1 2 1 1 2 3 3 3 4 4
1 1569825 1 1 1 1 5 1 1 2 2 2 3 3 3 4 5
1 1693184 1 5 1 1 1 1 1 2 0 2 2 2 3 3 4
1 1693216 1 5 1 1 1 1 1 2 1 2 2 2 3 3 5
1 1693232 1 1 5 1 1 1 1 2 2 2 2 2 3 4 5
1 1727128 1 1 5 1 1 1 1 2 2 2 3 3 3 3 4
1 1728152 1 1 1 1 1 1 5 2 2 3 3 3 3 3 5
1 1728152 1 1 1 1 5 1 1 2 2 3 3 3 3 3 5
1 1728152 1 1 1 5 1 1 1 2 2 3 3 3 3 3 5
1 1744400 1 5 1 1 1 1 1 2 1 2 2 3 3 3 4
1 1744432 1 1 5 1 1 1 1 2 2 2 2 3 3 3 5
1 1747744 1 5 1 1 1 1 1 2 1 2 2 3 3 3 4
1 1748240 1 5 1 1 1 1 1 2 1 2 2 3 3 3 4
1 1748272 1 1 5 1 1 1 1 2 2 2 2 3 3 3 5
1 1748272 1 5 1 1 1 1 1 2 2 2 2 3 3 3 5
1 1748488 1 5 1 1 1 1 1 2 1 2 2 3 3 3 4
1 1752760 1 1 1 2 1 1 1 5 3 3 3 4 4 4 5
1 1759760 1 1 5 1 1 1 1 2 1 1 3 3 3 3 4
1 1759761 1 1 5 1 1 1 1 2 2 2 3 3 3 3 4
1 1760784 1 1 5 1 1 1 1 2 1 2 3 3 3 3 5
1 1760785 1 1 1 1 1 1 5 2 2 3 3 3 3 3 5
1 1760785 1 1 1 1 1 5 1 2 2 3 3 3 3 3 5
1 1761496 1 1 5 1 1 1 1 2 2 2 3 3 3 3 4
1 1761682 1 1 5 1 1 1 1 2 2 2 3 3 3 3 4
1 1763600 1 1 5 1 1 1 1 2 1 1 3 3 3 3 4
1 1763601 1 1 5 1 1 1 1 2 2 2 3 3 3 3 4
1 1764096 2 5 1 1 1 1 1 2 0 2 3 3 3 3 4
1 1764128 2 5 1 1 1 1 1 2 1 2 3 3 3 3 5
1 1764144 1 1 1 5 1 1 1 2 2 2 3 3 3 4 5
1 1764144 2 5 1 1 1 1 1 2 2 2 3 3 3 4 5
1 1764624 1 1 5 1 1 1 1 2 1 2 3 3 3 3 5
1 1765136 1 1 1 5 1 1 1 2 1 3 3 3 3 4 5
1 1765144 2 1 5 1 1 1 1 2 2 3 3 3 4 4 5
1 1765176 1 1 2 1 1 1 1 5 3 3 3 3 4 4 6
1 1767188 2 1 1 5 1 1 1 2 2 3 3 3 4 4 5
1 1769112 1 1 1 2 1 1 1 5 2 3 4 4 4 4 5
1 1769112 2 1 1 5 1 1 1 2 2 3 4 4 4 4 5
1 1769144 2 1 1 2 1 1 1 5 3 3 4 4 4 4 6
1 1796904 1 1 1 1 5 1 1 2 2 2 3 3 3 4 5
1 1797896 1 1 1 1 5 1 1 2 1 3 3 3 3 4 5
1 1797896 1 1 5 1 1 1 1 2 1 3 3 3 3 4 5
1 1797944 1 1 1 1 1 1 2 5 3 3 3 3 3 5 6
1 1798576 1 1 1 1 5 1 1 2 2 2 3 3 3 4 5
1 1798576 1 1 1 5 1 1 1 2 2 2 3 3 3 4 5
1 1798576 2 5 1 1 1 1 1 2 2 2 3 3 3 4 5
1 1798824 1 1 1 1 5 1 1 2 2 2 3 3 3 4 5
1 1798824 1 1 1 5 1 1 1 2 2 2 3 3 3 4 5
1 1798948 1 1 1 1 5 1 1 2 2 2 3 3 3 4 5
1 1798948 1 1 1 5 1 1 1 2 2 2 3 3 3 4 5
1 1799940 1 1 1 1 5 1 1 2 1 3 3 3 3 4 5
1 1799940 1 1 1 5 1 1 1 2 1 3 3 3 3 4 5
1 1806944 1 5 1 1 1 1 1 2 1 2 2 3 3 3 4
1 1806944 1 5 1 1 2 1 1 1 1 2 2 3 3 3 4
1 1807440 1 5 1 1 1 1 1 2 1 2 2 3 3 3 4
1 1807472 1 1 5 1 1 1 1 2 2 2 2 3 3 3 5
1 1807472 1 5 1 1 1 1 1 2 2 2 2 3 3 3 5
1 1807874 1 5 1 1 1 1 1 2 1 2 2 3 3 3 4
1 1810040 1 1 1 1 2 1 1 5 3 3 3 4 4 4 5
1 1810040 2 1 1 1 5 1 1 2 3 3 3 4 4 4 5
1 1815552 1 5 1 1 1 1 1 2 0 1 2 3 3 3 4
1 1815553 1 5 1 1 1 1 1 2 1 2 2 3 3 3 4
1 1815584 1 1 5 1 1 1 1 2 1 1 2 3 3 3 5
1 1815585 1 1 5 1 1 1 1 2 2 2 2 3 3 3 5
1 1815856 1 1 1 1 5 1 1 2 2 2 2 3 4 4 5
1 1816096 1 1 5 1 1 1 1 2 1 2 2 3 3 4 5
1 1817904 1 1 1 1 5 1 1 2 2 2 3 4 4 4 5
1 1817905 1 1 1 1 2 1 1 5 3 3 3 4 4 4 5
1 1817905 2 1 1 1 5 1 1 2 3 3 3 4 4 4 5
1 1817905 1 1 1 2 1 1 1 5 3 3 3 4 4 4 5
1 1818400 1 1 1 1 5 1 1 2 1 3 3 4 4 4 5
1 1823232 1 5 1 1 1 1 1 2 0 1 2 3 3 3 4
1 1823264 1 5 1 1 1 1 1 2 1 1 2 3 3 3 5
1 1824272 1 1 5 1 1 1 1 2 1 2 2 3 3 4 5
1 1825584 1 1 1 1 5 1 1 2 2 2 3 4 4 4 5
1 1826576 1 1 1 1 5 1 1 2 1 3 3 4 4 4 5
1 1826608 1 1 1 1 2 1 1 5 2 3 3 4 4 4 6
1 1828360 1 1 1 5 1 1 1 2 1 2 2 3 3 4 5
1 1830912 1 1 5 1 1 1 1 2 0 0 3 3 3 3 4
1 1830913 1 1 5 1 1 1 1 2 1 1 3 3 3 3 4
1 1831344 1 1 1 1 5 1 1 2 2 2 3 4 4 4 5
1 1831457 1 1 1 1 5 1 1 2 2 2 3 3 3 4 5
1 1831712 1 1 1 1 5 1 1 2 1 2 3 3 4 4 5
1 1831716 1 1 1 1 5 1 1 2 2 2 3 4 4 4 5
1 1831936 1 1 5 1 1 1 1 2 0 1 3 3 3 3 5
1 1831937 1 1 5 1 1 1 1 2 1 2 3 3 3 3 5
1 1832208 1 1 1 1 5 1 1 2 1 2 3 3 4 4 5
1 1832448 1 1 5 1 1 1 1 2 0 2 3 3 3 4 5
1 1832704 1 1 1 1 5 1 1 2 0 3 3 3 4 4 5
1 1832708 1 1 1 1 5 1 1 2 1 3 3 4 4 4 5
1 1832740 1 1 1 1 2 1 1 5 2 3 3 4 4 4 6
1 1833760 1 1 1 1 5 1 1 2 1 2 4 4 4 4 5
1 1834256 1 1 1 1 5 1 1 2 1 2 4 4 4 4 5
1 1834257 1 1 1 1 2 1 1 5 2 3 4 4 4 4 5
1 1834257 2 1 1 1 5 1 1 2 2 3 4 4 4 4 5
1 1834288 1 1 1 1 2 1 1 5 2 2 4 4 4 4 6
1 1834289 2 1 1 1 2 1 1 5 3 3 4 4 4 4 6
1 1834752 1 1 1 1 5 1 1 2 0 3 4 4 4 4 5
1 1834784 1 1 1 1 2 1 1 5 1 3 4 4 4 4 6
1 1850804 1 1 1 2 1 1 1 5 3 3 3 3 4 4 4
1 1850804 2 1 1 5 1 1 1 2 3 3 3 3 4 4 4
1 1875504 1 1 5 1 1 2 1 1 2 2 2 2 4 4 4
1 1875572 1 1 1 1 1 2 1 5 3 3 3 3 4 4 4
1 1875572 1 1 1 1 1 5 1 2 3 3 3 3 4 4 4
1 1879344 1 1 5 1 1 1 2 1 2 2 2 2 4 4 4
1 1879412 1 1 1 1 1 2 5 1 3 3 3 3 4 4 4
1 1879474 1 1 1 1 1 2 5 1 3 3 3 3 4 4 4
1 1879474 1 1 2 1 1 1 5 1 3 3 3 3 4 4 4
1 1879474 2 1 5 1 1 1 2 1 3 3 3 3 4 4 4
1 1879584 1 5 1 1 1 1 2 1 1 2 2 2 3 4 4
1 1883312 1 1 1 5 1 1 1 2 2 2 3 3 4 4 4
1 1883312 2 5 1 1 1 2 1 1 2 2 3 3 4 4 4
1 1883808 1 1 1 5 1 1 1 2 1 3 3 3 4 4 4
1 1883808 1 1 5 1 1 2 1 1 1 3 3 3 4 4 4
1 1887744 1 5 1 1 1 1 1 2 0 2 2 2 3 3 4
1 1887776 1 5 1 1 1 1 1 2 1 2 2 2 3 3 5
1 1887792 1 1 5 1 1 1 1 2 2 2 2 2 3 4 5
1 1892016 1 1 1 1 1 5 1 2 2 3 3 3 4 4 5
1 1894832 1 1 1 5 1 2 1 1 2 2 3 3 4 4 4
1 1895080 1 1 1 5 1 2 1 1 2 2 3 3 4 4 4
1 1896104 1 1 1 1 1 5 1 2 2 3 3 3 4 4 5
1 1896196 1 1 1 5 1 2 1 1 1 3 3 3 4 4 4
1 1896228 1 1 1 1 1 5 1 2 2 3 3 3 4 4 5
1 1897124 1 1 1 5 1 2 1 1 2 2 3 3 4 4 4
1 1912096 1 5 1 1 1 1 2 1 1 2 2 2 3 4 4
1 1914016 1 5 1 1 1 1 2 1 1 2 2 2 3 4 4
1 1920304 1 5 1 1 1 1 1 2 2 2 2 2 3 4 5
1 1924792 1 1 1 1 1 1 2 5 3 3 3 3 4 5 5
1 1924792 1 1 1 1 1 1 5 2 3 3 3 3 4 5 5
1 1941024 1 1 5 1 1 2 1 1 1 2 2 3 4 4 4
1 1948705 1 1 1 1 5 1 1 2 2 2 3 3 4 4 4
1 1950784 1 5 1 1 1 1 1 2 0 2 2 2 3 3 4
1 1950816 1 5 1 1 1 1 1 2 1 2 2 2 3 3 5
1 1950832 1 5 1 1 1 1 1 2 2 2 2 2 3 4 5
1 1953040 1 1 5 1 1 1 2 1 1 2 2 3 4 4 4
1 1953136 1 1 1 1 1 1 5 2 2 3 3 3 4 4 5
1 1953136 1 1 1 1 1 5 1 2 2 3 3 3 4 4 5
1 1953570 1 1 1 1 1 1 5 2 2 3 3 3 4 4 5
1 1954032 1 1 1 1 5 1 1 2 2 2 3 3 4 4 4
1 1954032 2 5 1 1 1 2 1 1 2 2 3 3 4 4 4
1 1954404 1 1 1 1 5 1 1 2 2 2 3 3 4 4 4
1 1954466 1 1 1 1 5 1 1 2 2 2 3 3 4 4 4
1 1955332 1 1 1 5 1 1 2 1 1 2 2 3 4 4 4
1 1955396 1 1 1 1 5 1 1 2 1 3 3 3 4 4 4
1 1955396 1 1 1 5 1 1 2 1 1 3 3 3 4 4 4
1 1955428 1 1 1 1 1 1 5 2 2 3 3 3 4 4 5
1 1955444 1 1 1 1 1 1 2 5 3 3 3 3 4 5 5
1 1955490 1 1 1 1 1 1 5 2 2 3 3 3 4 4 5
1 1955490 1 1 1 1 1 5 1 2 2 3 3 3 4 4 5
1 1956385 1 1 1 1 5 1 1 2 2 2 3 3 4 4 4
1 1957376 1 1 5 1 1 2 1 1 0 2 3 3 4 4 4
1 1957425 1 1 1 1 1 1 2 5 3 3 3 3 4 5 5
1 1962145 1 1 1 1 5 1 1 2 2 2 3 3 4 4 4
1 1962145 1 1 1 5 1 1 2 1 2 2 3 3 4 4 4
1 1990296 1 1 1 1 1 1 5 2 2 3 3 3 4 4 5
1 1990328 1 1 1 1 1 1 2 5 3 3 3 3 4 4 6
1 1990328 1 2 1 1 1 1 1 5 3 3 3 3 4 4 6
1 1990420 1 1 1 1 1 1 5 2 2 3 3 3 4 4 5
1 1990420 1 1 1 1 1 5 1 2 2 3 3 3 4 4 5
1 1990420 2 1 5 1 1 1 1 2 2 3 3 3 4 4 5
1 2020948 1 1 1 1 1 1 5 2 2 3 3 3 4 4 5
1 2020948 1 1 1 1 1 5 1 2 2 3 3 3 4 4 5
1 2020980 1 1 1 1 1 1 2 5 3 3 3 3 4 4 6
1 2022929 1 1 1 1 1 1 5 2 2 3 3 3 4 4 5
1 2022929 1 1 1 1 1 5 1 2 2 3 3 3 4 4 5
1 2022961 1 1 1 1 1 1 2 5 3 3 3 3 4 4 6
1 2025222 1 1 1 1 1 1 5 2 2 3 3 3 4 4 5
1 2025222 2 1 5 1 1 1 1 2 2 3 3 3 4 4 5
1 2027264 1 1 5 1 1 1 1 2 0 3 3 3 4 4 5
1 2027312 1 1 1 1 1 1 2 5 2 3 3 3 4 5 6
1 2028192 1 1 1 5 1 1 1 2 1 2 3 3 4 4 5
1 2028688 1 1 1 5 1 1 1 2 1 2 3 3 4 4 5
1 2029060 1 1 1 5 1 1 1 2 1 2 3 3 4 4 5
1 2034032 1 5 1 1 1 1 1 2 2 2 2 3 3 4 4
1 2034280 1 1 5 1 1 1 1 2 2 2 2 3 3 4 4
1 2034280 1 5 1 1 1 1 2 1 2 2 2 3 3 4 4
1 2038304 1 1 5 1 1 1 1 2 1 1 2 3 3 4 4
1 2038305 1 1 5 1 1 1 1 2 2 2 2 3 3 4 4
1 2039328 1 1 5 1 1 1 1 2 1 2 2 3 3 4 5
1 2042144 1 5 1 1 1 1 2 1 1 1 2 3 3 4 4
1 2047408 1 1 1 1 1 1 2 5 2 3 3 4 4 5 5
1 2047656 1 1 1 1 1 1 2 5 2 3 3 4 4 5 5
1 2047656 1 1 1 1 1 1 5 2 2 3 3 4 4 5 5
1 2051592 1 1 5 1 1 1 1 2 1 2 2 3 3 4 5
1 2055864 2 1 1 1 1 1 2 5 3 3 3 4 4 5 6
1 2056424 1 1 1 1 1 5 1 2 2 2 3 3 3 4 5
1 2056424 1 1 1 1 5 1 1 2 2 2 3 3 3 4 5
1 2058529 1 1 1 1 1 5 1 2 2 2 3 3 3 4 5
1 2058529 1 1 1 1 5 1 1 2 2 2 3 3 3 4 5
1 2059116 2 1 1 1 1 1 2 5 3 3 4 4 4 5 5
1 2060044 1 1 1 1 1 1 2 5 2 3 3 4 4 5 5
1 2060072 1 1 1 1 1 1 2 5 2 3 3 3 4 5 6
1 2060108 2 1 1 1 1 1 2 5 2 4 4 4 4 5 5
1 2060140 3 1 1 1 1 1 2 5 3 4 4 4 4 5 6
1 2062116 1 1 1 1 1 1 2 5 2 3 3 3 4 5 6
1 2062768 1 1 1 1 1 1 2 5 2 2 4 4 4 5 5
1 2063016 1 1 1 1 1 1 2 5 2 2 4 4 4 5 5
1 2063017 2 1 1 1 1 1 2 5 3 3 4 4 4 5 5
1 2063264 1 1 1 1 1 1 2 5 1 3 4 4 4 5 5
1 2063264 1 1 1 1 1 1 5 2 1 3 4 4 4 5 5
1 2063792 2 1 1 1 1 1 2 5 2 3 4 4 4 5 6
1 2064008 1 1 1 1 1 1 2 5 1 3 4 4 4 5 5
1 2064040 2 1 1 1 1 1 2 5 2 3 4 4 4 5 6
1 2064256 1 1 1 1 1 1 2 5 0 4 4 4 4 5 5
1 2064288 2 1 1 1 1 1 2 5 1 4 4 4 4 5 6
1 2064994 1 1 5 1 1 1 1 2 2 2 2 3 3 4 4
1 2065474 1 5 1 1 1 1 1 2 1 2 2 3 3 3 4
1 2065506 1 1 5 1 1 1 1 2 2 2 2 3 3 3 5
1 2067298 1 1 1 1 2 1 5 1 2 3 3 4 4 4 4
1 2067298 1 1 1 1 5 1 2 1 2 3 3 4 4 4 4
1 2067826 1 1 1 1 2 1 1 5 3 3 3 4 4 4 5
1 2067826 2 1 1 1 5 1 1 2 3 3 3 4 4 4 5
1 2069616 1 1 1 1 5 1 1 2 2 2 2 3 4 4 5
1 2070018 1 1 5 1 1 2 1 1 1 2 2 3 4 4 4
1 2071664 1 1 1 1 1 5 1 2 2 2 3 4 4 4 5
1 2071665 1 1 1 1 1 2 1 5 3 3 3 4 4 4 5
1 2071665 2 1 1 1 1 5 1 2 3 3 3 4 4 4 5
1 2072067 1 1 1 1 1 2 1 5 2 3 3 4 4 4 4
1 2072160 1 1 1 1 1 5 1 2 1 3 3 4 4 4 5
1 2072672 1 5 1 1 1 1 2 1 1 1 2 3 3 4 4
1 2076016 1 1 1 1 1 1 2 5 2 3 3 4 4 5 5
1 2076264 1 1 1 1 1 1 2 5 2 3 3 4 4 5 5
1 2076264 1 1 1 1 1 1 5 2 2 3 3 4 4 5 5
1 2076450 1 1 1 1 1 1 2 5 2 3 3 4 4 5 5
1 2076450 1 1 1 1 1 1 5 2 2 3 3 4 4 5 5
1 2077729 1 1 1 1 5 1 1 2 2 2 2 3 4 4 5
1 2079745 1 1 1 5 1 1 1 2 1 2 3 4 4 4 4
1 2079777 1 1 1 1 1 1 5 2 2 2 3 4 4 4 5
1 2080289 1 1 1 1 1 1 2 5 2 3 3 4 4 5 5
1 2080289 1 1 1 1 1 1 5 2 2 3 3 4 4 5 5
1 2080832 1 5 1 1 1 1 1 2 0 1 2 3 3 3 4
1 2080864 1 5 1 1 1 1 1 2 1 1 2 3 3 3 5
1 2082306 1 1 5 1 1 1 1 2 1 2 2 3 3 4 5
1 2083184 1 1 1 1 1 1 5 2 2 2 3 4 4 4 5
1 2083184 1 1 1 1 1 5 1 2 2 2 3 4 4 4 5
1 2083184 1 1 1 1 5 1 1 2 2 2 3 4 4 4 5
1 2083618 1 1 1 1 1 1 5 2 2 2 3 4 4 4 5
1 2083618 1 1 1 1 5 1 1 2 2 2 3 4 4 4 5
1 2084176 1 1 1 1 1 1 5 2 1 3 3 4 4 4 5
1 2084176 1 1 1 1 1 5 1 2 1 3 3 4 4 4 5
1 2084208 1 1 1 1 1 1 2 5 2 3 3 4 4 4 6
1 2084208 1 1 1 1 1 2 1 5 2 3 3 4 4 4 6
1 2084472 2 1 1 1 1 1 2 5 3 3 3 4 4 5 6
1 2084610 1 1 1 1 1 1 5 2 1 3 3 4 4 4 5
1 2084610 1 1 1 1 5 1 1 2 1 3 3 4 4 4 5
1 2084642 1 1 1 1 1 1 2 5 2 3 3 4 4 4 6
1 2084642 1 1 1 1 2 1 1 5 2 3 3 4 4 4 6
1 2087457 1 1 1 1 1 1 5 2 2 2 3 4 4 4 5
1 2087457 1 1 1 1 1 5 1 2 2 2 3 4 4 4 5
1 2088496 1 1 1 1 1 1 2 5 2 2 3 4 4 5 6
1 2088497 2 1 1 1 1 1 2 5 3 3 3 4 4 5 6
1 2090572 1 1 1 1 1 1 2 5 2 3 3 4 4 5 5
1 2090634 1 1 1 1 1 1 2 5 2 3 3 4 4 5 5
1 2092336 1 1 1 1 1 1 2 5 2 2 3 4 4 5 6
1 2092832 1 1 1 1 1 1 2 5 1 3 3 4 4 5 6
1 2094081 1 1 1 1 5 1 1 2 1 2 3 3 4 4 5
1 2095649 1 1 1 1 1 1 2 5 2 2 4 4 4 5 5
1 2096129 1 1 1 1 1 1 5 2 1 2 4 4 4 4 5
1 2096161 1 1 1 1 1 1 2 5 2 2 4 4 4 4 6
1 2096641 1 1 1 1 1 1 2 5 1 3 4 4 4 5 5
1 2096672 1 1 1 1 1 1 2 5 1 2 4 4 4 5 6
1 2096673 2 1 1 1 1 1 2 5 2 3 4 4 4 5 6
2 458672 1 1 3 4 1 1 1 1 2 4 4 4 4 4 4
2 515888 1 1 4 1 3 1 1 1 2 3 3 4 4 4 4
2 521588 1 1 1 3 4 1 1 1 3 3 4 4 4 4 4
2 716560 1 4 1 1 1 1 1 3 1 3 3 3 3 3 4
2 716592 1 4 1 1 1 1 1 3 2 3 3 3 3 3 5
2 876216 1 1 4 1 1 3 1 1 3 3 3 3 4 4 4
2 908848 1 1 4 1 1 3 1 1 2 2 3 3 4 4 4
2 908849 1 1 4 1 1 3 1 1 3 3 3 3 4 4 4
2 914608 1 4 1 1 1 3 1 1 2 2 3 3 4 4 4
2 1007288 1 1 1 1 1 1 3 4 3 3 3 4 4 4 5
2 1007288 1 1 1 1 1 1 4 3 3 3 3 4 4 4 5
2 1011512 1 1 1 1 1 1 3 4 3 3 3 3 4 5 5
2 1011564 2 1 1 1 1 1 3 4 3 4 4 4 4 4 5
2 1011564 2 1 1 1 1 1 4 3 3 4 4 4 4 4 5
2 1011580 3 1 1 1 1 1 3 4 4 4 4 4 4 5 5
2 1014441 1 1 1 1 1 1 3 4 3 3 4 4 4 4 4
2 1015216 1 1 1 1 1 1 3 4 2 3 4 4 4 4 5
2 1015216 1 1 1 1 1 1 4 3 2 3 4 4 4 4 5
2 1015464 1 1 1 1 1 1 3 4 2 3 4 4 4 4 5
2 1015464 1 1 1 1 1 1 4 3 2 3 4 4 4 4 5
2 1015480 2 1 1 1 1 1 3 4 3 3 4 4 4 5 5
2 1015712 1 1 1 1 1 1 3 4 1 4 4 4 4 4 5
2 1015712 1 1 1 1 1 1 4 3 1 4 4 4 4 4 5
2 1015728 2 1 1 1 1 1 3 4 2 4 4 4 4 5 5
2 1027874 1 1 4 1 3 1 1 1 2 3 3 4 4 4 4
2 1035896 1 1 1 1 1 1 3 4 3 3 3 4 4 4 5
2 1035896 1 1 1 1 1 1 4 3 3 3 3 4 4 4 5
2 1039921 1 1 1 1 1 1 3 4 3 3 3 4 4 4 5
2 1039921 1 1 1 1 1 1 4 3 3 3 3 4 4 4 5
2 1044272 1 1 1 1 1 1 3 4 2 3 3 4 4 5 5
2 1048097 1 1 1 1 1 1 3 4 2 3 4 4 4 4 5
2 1048097 1 1 1 1 1 1 4 3 2 3 4 4 4 4 5
2 1048112 1 1 1 1 1 1 3 4 2 2 4 4 4 5 5
2 1048113 2 1 1 1 1 1 3 4 3 3 4 4 4 5 5
2 1175336 1 4 1 1 1 1 3 1 2 3 3 3 3 4 4
2 1240888 1 1 4 1 1 1 1 3 3 3 3 3 3 4 5
2 1429282 1 4 1 1 1 1 3 1 2 3 3 3 3 4 4
2 1436960 1 4 1 1 1 1 3 1 1 2 3 3 3 4 4
2 1466040 1 1 1 1 1 4 1 3 3 3 3 3 3 4 5
2 1466040 1 4 1 1 1 1 1 3 3 3 3 3 3 4 5
2 1496692 1 1 1 1 1 4 1 3 3 3 3 3 3 4 5
2 1498673 1 1 1 1 1 4 1 3 3 3 3 3 3 4 5
2 1536416 1 4 1 1 1 1 3 1 1 2 3 3 3 4 4
2 1695536 1 1 1 1 4 1 1 3 2 3 3 3 4 4 5
2 1701668 1 1 1 1 4 1 1 3 2 3 3 3 4 4 5
2 1728152 1 4 1 1 1 1 1 3 2 3 3 3 3 3 5
2 1728184 1 1 1 1 1 1 4 3 3 3 3 3 3 3 6
2 1752760 1 1 1 3 1 1 1 4 3 3 3 4 4 4 5
2 1752760 2 1 1 4 1 1 1 3 3 3 3 4 4 4 5
2 1760784 1 4 1 1 1 1 1 3 1 2 3 3 3 3 5
2 1760785 1 4 1 1 1 1 1 3 2 3 3 3 3 3 5
2 1760816 1 1 4 1 1 1 1 3 2 2 3 3 3 3 6
2 1760817 1 1 1 1 1 1 4 3 3 3 3 3 3 3 6
2 1764096 1 4 1 1 1 1 1 3 0 2 3 3 3 3 4
2 1764128 1 4 1 1 1 1 1 3 1 2 3 3 3 3 5
2 1764144 1 1 4 1 1 1 1 3 2 2 3 3 3 4 5
2 1764144 1 4 1 1 1 1 1 3 2 2 3 3 3 4 5
2 1764624 1 4 1 1 1 1 1 3 1 2 3 3 3 3 5
2 1764656 1 1 4 1 1 1 1 3 2 2 3 3 3 3 6
2 1765120 1 3 1 1 1 1 1 4 0 3 3 3 3 3 5
2 1765120 2 4 1 1 1 1 1 3 0 3 3 3 3 3 5
2 1765136 1 3 1 1 1 1 1 4 1 3 3 3 3 4 5
2 1765136 2 4 1 1 1 1 1 3 1 3 3 3 3 4 5
2 1765144 1 1 4 1 1 1 1 3 2 3 3 3 4 4 5
2 1765144 1 3 1 1 1 1 1 4 2 3 3 3 4 4 5
2 1765144 2 4 1 1 1 1 1 3 2 3 3 3 4 4 5
2 1765152 1 3 1 1 1 1 1 4 1 3 3 3 3 3 6
2 1765152 2 4 1 1 1 1 1 3 1 3 3 3 3 3 6
2 1765168 1 1 1 4 1 1 1 3 2 3 3 3 3 4 6
2 1765168 1 3 1 1 1 1 1 4 2 3 3 3 3 4 6
2 1765168 2 4 1 1 1 1 1 3 2 3 3 3 3 4 6
2 1765176 1 1 3 1 1 1 1 4 3 3 3 3 4 4 6
2 1765176 2 1 4 1 1 1 1 3 3 3 3 3 4 4 6
2 1767188 1 1 1 4 1 1 1 3 2 3 3 3 4 4 5
2 1769112 1 1 1 3 1 1 1 4 2 3 4 4 4 4 5
2 1769112 1 1 1 4 1 1 1 3 2 3 4 4 4 4 5
2 1769144 2 1 1 3 1 1 1 4 3 3 4 4 4 4 6
2 1769144 2 1 1 4 1 1 1 3 3 3 4 4 4 4 6
2 1796904 1 1 4 1 1 1 1 3 2 2 3 3 3 4 5
2 1797928 1 1 1 1 4 1 1 3 2 3 3 3 3 4 6
2 1797928 1 1 4 1 1 1 1 3 2 3 3 3 3 4 6
2 1797944 1 1 1 1 1 1 3 4 3 3 3 3 3 5 6
2 1797944 1 1 1 1 1 1 4 3 3 3 3 3 3 5 6
2 1798576 1 4 1 1 1 1 1 3 2 2 3 3 3 4 5
2 1798824 1 1 4 1 1 1 1 3 2 2 3 3 3 4 5
2 1798948 1 1 4 1 1 1 1 3 2 2 3 3 3 4 5
2 1799972 1 1 1 1 4 1 1 3 2 3 3 3 3 4 6
2 1799972 1 1 1 4 1 1 1 3 2 3 3 3 3 4 6
2 1810040 1 1 1 1 3 1 1 4 3 3 3 4 4 4 5
2 1810040 1 1 1 1 4 1 1 3 3 3 3 4 4 4 5
2 1815856 1 1 1 4 1 1 1 3 2 2 2 3 4 4 5
2 1817904 1 1 1 4 1 1 1 3 2 2 3 4 4 4 5
2 1817905 1 1 1 1 3 1 1 4 3 3 3 4 4 4 5
2 1817905 1 1 1 1 4 1 1 3 3 3 3 4 4 4 5
2 1817905 1 1 1 3 1 1 1 4 3 3 3 4 4 4 5
2 1817905 2 1 1 4 1 1 1 3 3 3 3 4 4 4 5
2 1818400 1 1 1 4 1 1 1 3 1 3 3 4 4 4 5
2 1824256 1 4 1 1 1 1 1 3 0 2 2 3 3 3 5
2 1824272 1 4 1 1 1 1 1 3 1 2 2 3 3 4 5
2 1824288 1 4 1 1 1 1 1 3 1 2 2 3 3 3 6
2 1824304 1 1 4 1 1 1 1 3 2 2 2 3 3 4 6
2 1826608 1 1 1 1 3 1 1 4 2 3 3 4 4 4 6
2 1826608 1 1 1 1 4 1 1 3 2 3 3 4 4 4 6
2 1831456 1 1 4 1 1 1 1 3 1 1 3 3 3 4 5
2 1831457 1 1 4 1 1 1 1 3 2 2 3 3 3 4 5
2 1831712 1 1 4 1 1 1 1 3 1 2 3 3 4 4 5
2 1831936 1 4 1 1 1 1 1 3 0 1 3 3 3 3 5
2 1831937 1 4 1 1 1 1 1 3 1 2 3 3 3 3 5
2 1831968 1 1 4 1 1 1 1 3 1 1 3 3 3 3 6
2 1831969 1 1 4 1 1 1 1 3 2 2 3 3 3 3 6
2 1832240 1 1 1 1 4 1 1 3 2 2 3 3 4 4 6
2 1832480 1 1 4 1 1 1 1 3 1 2 3 3 3 4 6
2 1832736 1 1 1 1 4 1 1 3 1 3 3 3 4 4 6
2 1832740 1 1 1 1 3 1 1 4 2 3 3 4 4 4 6
2 1832740 1 1 1 1 4 1 1 3 2 3 3 4 4 4 6
2 1834257 1 1 1 1 3 1 1 4 2 3 4 4 4 4 5
2 1834257 1 1 1 1 4 1 1 3 2 3 4 4 4 4 5
2 1834288 1 1 1 1 3 1 1 4 2 2 4 4 4 4 6
2 1834288 1 1 1 1 4 1 1 3 2 2 4 4 4 4 6
2 1834289 2 1 1 1 3 1 1 4 3 3 4 4 4 4 6
2 1834289 2 1 1 1 4 1 1 3 3 3 4 4 4 4 6
2 1834784 1 1 1 1 3 1 1 4 1 3 4 4 4 4 6
2 1834784 1 1 1 1 4 1 1 3 1 3 4 4 4 4 6
2 1850804 1 1 1 4 1 1 1 3 3 3 3 3 4 4 4
2 1879474 1 1 4 1 1 1 3 1 3 3 3 3 4 4 4
2 1883312 1 4 1 1 1 3 1 1 2 2 3 3 4 4 4
2 1924792 1 1 1 1 1 1 3 4 3 3 3 3 4 5 5
2 1924792 1 1 1 1 1 1 4 3 3 3 3 3 4 5 5
2 1953136 1 1 1 1 4 1 1 3 2 3 3 3 4 4 5
2 1953570 1 1 1 1 4 1 1 3 2 3 3 3 4 4 5
2 1954032 1 4 1 1 1 3 1 1 2 2 3 3 4 4 4
2 1955428 1 1 1 1 4 1 1 3 2 3 3 3 4 4 5
2 1955444 1 1 1 1 1 1 3 4 3 3 3 3 4 5 5
2 1955490 1 1 1 1 4 1 1 3 2 3 3 3 4 4 5
2 1957425 1 1 1 1 1 1 3 4 3 3 3 3 4 5 5
2 1990296 1 3 1 1 1 1 1 4 2 3 3 3 4 4 5
2 1990296 2 4 1 1 1 1 1 3 2 3 3 3 4 4 5
2 1990328 1 1 1 1 1 1 3 4 3 3 3 3 4 4 6
2 1990328 1 1 1 1 1 1 4 3 3 3 3 3 4 4 6
2 1990328 1 3 1 1 1 1 1 4 3 3 3 3 4 4 6
2 1990328 2 4 1 1 1 1 1 3 3 3 3 3 4 4 6
2 1990420 1 1 4 1 1 1 1 3 2 3 3 3 4 4 5
2 2012336 1 1 1 4 1 1 1 3 2 2 2 3 4 4 5
2 2020980 1 1 1 1 1 1 3 4 3 3 3 3 4 4 6
2 2020980 1 1 1 1 1 1 4 3 3 3 3 3 4 4 6
2 2022961 1 1 1 1 1 1 3 4 3 3 3 3 4 4 6
2 2022961 1 1 1 1 1 1 4 3 3 3 3 3 4 4 6
2 2025222 1 1 4 1 1 1 1 3 2 3 3 3 4 4 5
2 2026272 1 1 4 1 1 1 1 3 1 2 3 3 4 4 5
2 2027296 1 1 4 1 1 1 1 3 1 3 3 3 4 4 6
2 2027312 1 1 1 1 1 1 3 4 2 3 3 3 4 5 6
2 2027312 1 1 1 1 1 1 4 3 2 3 3 3 4 5 6
2 2028720 1 1 1 4 1 1 1 3 2 2 3 3 4 4 6
2 2047408 1 1 1 1 1 1 3 4 2 3 3 4 4 5 5
2 2047656 1 1 1 1 1 1 3 4 2 3 3 4 4 5 5
2 2047656 1 1 1 1 1 1 4 3 2 3 3 4 4 5 5
2 2051344 1 4 1 1 1 1 1 3 1 2 2 3 3 4 5
2 2051376 1 4 1 1 1 1 1 3 2 2 2 3 3 4 6
2 2055864 2 1 1 1 1 1 3 4 3 3 3 4 4 5 6
2 2055864 2 1 1 1 1 1 4 3 3 3 3 4 4 5 6
2 2059116 2 1 1 1 1 1 3 4 3 3 4 4 4 5 5
2 2060044 1 1 1 1 1 1 3 4 2 3 3 4 4 5 5
2 2060072 1 1 1 1 1 1 3 4 2 3 3 3 4 5 6
2 2060072 1 1 1 1 1 1 4 3 2 3 3 3 4 5 6
2 2060080 1 1 1 1 1 1 3 4 2 3 3 3 3 6 6
2 2060088 2 1 1 1 1 1 3 4 3 3 3 3 4 6 6
2 2060108 2 1 1 1 1 1 3 4 2 4 4 4 4 5 5
2 2060140 3 1 1 1 1 1 3 4 3 4 4 4 4 5 6
2 2060140 3 1 1 1 1 1 4 3 3 4 4 4 4 5 6
2 2060156 4 1 1 1 1 1 3 4 4 4 4 4 4 6 6
2 2062116 1 1 1 1 1 1 3 4 2 3 3 3 4 5 6
2 2062116 1 1 1 1 1 1 4 3 2 3 3 3 4 5 6
2 2062768 1 1 1 1 1 1 3 4 2 2 4 4 4 5 5
2 2063016 1 1 1 1 1 1 3 4 2 2 4 4 4 5 5
2 2063017 2 1 1 1 1 1 3 4 3 3 4 4 4 5 5
2 2063264 1 1 1 1 1 1 3 4 1 3 4 4 4 5 5
2 2063264 1 1 1 1 1 1 4 3 1 3 4 4 4 5 5
2 2063792 2 1 1 1 1 1 3 4 2 3 4 4 4 5 6
2 2063792 2 1 1 1 1 1 4 3 2 3 4 4 4 5 6
2 2064008 1 1 1 1 1 1 3 4 1 3 4 4 4 5 5
2 2064040 2 1 1 1 1 1 3 4 2 3 4 4 4 5 6
2 2064040 2 1 1 1 1 1 4 3 2 3 4 4 4 5 6
2 2064056 3 1 1 1 1 1 3 4 3 3 4 4 4 6 6
2 2064256 1 1 1 1 1 1 3 4 0 4 4 4 4 5 5
2 2064288 2 1 1 1 1 1 3 4 1 4 4 4 4 5 6
2 2064288 2 1 1 1 1 1 4 3 1 4 4 4 4 5 6
2 2064304 3 1 1 1 1 1 3 4 2 4 4 4 4 6 6
2 2067826 1 1 1 1 3 1 1 4 3 3 3 4 4 4 5
2 2067826 1 1 1 1 4 1 1 3 3 3 3 4 4 4 5
2 2071665 1 1 1 1 1 3 1 4 3 3 3 4 4 4 5
2 2071665 1 1 1 1 1 4 1 3 3 3 3 4 4 4 5
2 2076016 1 1 1 1 1 1 3 4 2 3 3 4 4 5 5
2 2076264 1 1 1 1 1 1 3 4 2 3 3 4 4 5 5
2 2076264 1 1 1 1 1 1 4 3 2 3 3 4 4 5 5
2 2076450 1 1 1 1 1 1 3 4 2 3 3 4 4 5 5
2 2076450 1 1 1 1 1 1 4 3 2 3 3 4 4 5 5
2 2077729 1 1 1 4 1 1 1 3 2 2 2 3 4 4 5
2 2079777 1 1 1 4 1 1 1 3 2 2 3 4 4 4 5
2 2080289 1 1 1 1 1 1 3 4 2 3 3 4 4 5 5
2 2080289 1 1 1 1 1 1 4 3 2 3 3 4 4 5 5
2 2081856 1 4 1 1 1 1 1 3 0 2 2 3 3 3 5
2 2081872 1 4 1 1 1 1 1 3 1 2 2 3 3 4 5
2 2081888 1 4 1 1 1 1 1 3 1 2 2 3 3 3 6
2 2081904 1 4 1 1 1 1 1 3 2 2 2 3 3 4 6
2 2084208 1 1 1 1 1 1 3 4 2 3 3 4 4 4 6
2 2084208 1 1 1 1 1 1 4 3 2 3 3 4 4 4 6
2 2084208 1 1 1 1 1 3 1 4 2 3 3 4 4 4 6
2 2084208 1 1 1 1 1 4 1 3 2 3 3 4 4 4 6
2 2084472 2 1 1 1 1 1 3 4 3 3 3 4 4 5 6
2 2084472 2 1 1 1 1 1 4 3 3 3 3 4 4 5 6
2 2084642 1 1 1 1 1 1 3 4 2 3 3 4 4 4 6
2 2084642 1 1 1 1 1 1 4 3 2 3 3 4 4 4 6
2 2084642 1 1 1 1 3 1 1 4 2 3 3 4 4 4 6
2 2084642 1 1 1 1 4 1 1 3 2 3 3 4 4 4 6
2 2088496 1 1 1 1 1 1 3 4 2 2 3 4 4 5 6
2 2088496 1 1 1 1 1 1 4 3 2 2 3 4 4 5 6
2 2088497 2 1 1 1 1 1 3 4 3 3 3 4 4 5 6
2 2088497 2 1 1 1 1 1 4 3 3 3 3 4 4 5 6
2 2090572 1 1 1 1 1 1 3 4 2 3 3 4 4 5 5
2 2090634 1 1 1 1 1 1 3 4 2 3 3 4 4 5 5
2 2092336 1 1 1 1 1 1 3 4 2 2 3 4 4 5 6
2 2092336 1 1 1 1 1 1 4 3 2 2 3 4 4 5 6
2 2092832 1 1 1 1 1 1 3 4 1 3 3 4 4 5 6
2 2092832 1 1 1 1 1 1 4 3 1 3 3 4 4 5 6
2 2092848 2 1 1 1 1 1 3 4 2 3 3 4 4 6 6
2 2094113 1 1 1 1 4 1 1 3 2 2 3 3 4 4 6
2 2094640 1 1 1 1 1 1 3 4 2 2 3 3 4 6 6
2 2095649 1 1 1 1 1 1 3 4 2 2 4 4 4 5 5
2 2096161 1 1 1 1 1 1 3 4 2 2 4 4 4 4 6
2 2096161 1 1 1 1 1 1 4 3 2 2 4 4 4 4 6
2 2096641 1 1 1 1 1 1 3 4 1 3 4 4 4 5 5
2 2096672 1 1 1 1 1 1 3 4 1 2 4 4 4 5 6
2 2096672 1 1 1 1 1 1 4 3 1 2 4 4 4 5 6
2 2096673 2 1 1 1 1 1 3 4 2 3 4 4 4 5 6
2 2096673 2 1 1 1 1 1 4 3 2 3 4 4 4 5 6
2 2096688 2 1 1 1 1 1 3 4 2 2 4 4 4 6 6
2 2096689 3 1 1 1 1 1 3 4 3 3 4 4 4 6 6
3 259840 1 4 1 1 2 1 1 2 0 3 3 3 3 3 3
3 259872 1 4 1 1 2 1 1 2 1 3 3 3 3 3 4
3 259964 2 1 1 1 1 2 2 4 4 4 4 4 4 4 4
3 261944 1 1 1 1 1 2 2 4 3 3 4 4 4 4 4
3 454400 1 4 1 1 1 1 2 2 0 3 3 3 3 3 3
3 454400 1 4 1 1 2 2 1 1 0 3 3 3 3 3 3
3 454432 1 4 1 1 1 1 2 2 1 3 3 3 3 3 4
3 454432 1 4 2 1 1 1 1 2 1 3 3 3 3 3 4
3 454432 1 4 2 1 2 1 1 1 1 3 3 3 3 3 4
3 454448 1 4 1 1 1 1 2 2 2 3 3 3 3 4 4
3 454448 1 4 2 2 1 1 1 1 2 3 3 3 3 4 4
3 487208 1 4 1 1 1 1 2 2 2 3 3 3 3 4 4
3 489252 1 4 1 1 1 1 2 2 2 3 3 3 3 4 4
3 521216 1 2 4 1 1 1 2 1 0 1 3 3 3 3 3
3 521216 1 4 2 1 1 1 2 1 0 1 3 3 3 3 3
3 521464 1 1 1 1 1 2 2 4 3 3 4 4 4 4 4
3 521464 1 1 1 1 1 2 4 2 3 3 4 4 4 4 4
3 521464 1 2 1 2 4 1 1 1 3 3 4 4 4 4 4
3 521464 2 4 1 2 2 1 1 1 3 3 4 4 4 4 4
3 521588 1 1 1 1 1 2 2 4 3 3 4 4 4 4 4
3 521588 1 1 1 1 1 2 4 2 3 3 4 4 4 4 4
3 521760 1 4 1 1 1 1 2 2 1 2 3 3 3 4 4
3 522020 1 1 2 4 2 1 1 1 2 3 3 4 4 4 4
3 522084 1 1 1 1 1 2 2 4 2 4 4 4 4 4 4
3 522084 1 1 1 1 1 2 4 2 2 4 4 4 4 4 4
3 523569 1 1 1 1 1 2 2 4 3 3 4 4 4 4 4
3 523569 1 1 1 1 1 2 4 2 3 3 4 4 4 4 4
3 524064 1 1 4 2 2 1 1 1 1 3 4 4 4 4 4
3 716560 1 4 1 1 1 1 2 2 1 3 3 3 3 3 4
3 716560 1 4 1 1 1 2 1 2 1 3 3 3 3 3 4
3 716560 1 4 1 2 1 1 1 2 1 3 3 3 3 3 4
3 716592 1 4 1 1 1 2 1 2 2 3 3 3 3 3 5
3 716592 1 4 1 2 1 1 1 2 2 3 3 3 3 3 5
3 749320 1 4 1 1 1 1 2 2 1 3 3 3 3 3 4
3 749320 1 4 1 1 2 1 1 2 1 3 3 3 3 3 4
3 749320 1 4 2 1 1 1 1 2 1 3 3 3 3 3 4
3 749352 1 4 1 1 2 1 1 2 2 3 3 3 3 3 5
3 749352 1 4 2 1 1 1 1 2 2 3 3 3 3 3 5
3 751364 1 4 1 1 1 1 2 2 1 3 3 3 3 3 4
3 751364 1 4 1 1 2 1 1 2 1 3 3 3 3 3 4
3 751364 1 4 1 2 1 1 1 2 1 3 3 3 3 3 4
3 751396 1 4 1 1 2 1 1 2 2 3 3 3 3 3 5
3 751396 1 4 1 2 1 1 1 2 2 3 3 3 3 3 5
3 782136 1 1 1 1 1 2 2 4 3 3 3 4 4 4 5
3 782880 1 2 4 1 1 1 1 2 1 1 3 3 3 3 4
3 782880 1 4 2 1 1 1 1 2 1 1 3 3 3 3 4
3 783872 1 2 4 1 1 1 1 2 0 2 3 3 3 3 4
3 783872 1 4 1 1 1 1 2 2 0 2 3 3 3 3 4
3 783872 1 4 1 1 2 1 1 2 0 2 3 3 3 3 4
3 783872 1 4 2 1 1 1 1 2 0 2 3 3 3 3 4
3 783904 1 2 4 1 1 1 1 2 1 2 3 3 3 3 5
3 783904 1 4 1 1 2 1 1 2 1 2 3 3 3 3 5
3 783904 1 4 2 1 1 1 1 2 1 2 3 3 3 3 5
3 784244 2 1 1 1 1 2 2 4 3 4 4 4 4 4 5
3 786224 1 1 1 1 1 2 2 4 2 3 4 4 4 4 5
3 847544 1 1 1 1 4 1 2 2 3 3 3 3 4 4 4
3 847544 1 1 2 4 1 2 1 1 3 3 3 3 4 4 4
3 876216 1 1 1 4 1 1 2 2 3 3 3 3 4 4 4
3 876216 1 2 4 1 1 2 1 1 3 3 3 3 4 4 4
3 876216 1 4 1 1 1 1 2 2 3 3 3 3 4 4 4
3 876216 1 4 2 1 1 2 1 1 3 3 3 3 4 4 4
3 906868 1 1 1 1 4 1 2 2 3 3 3 3 4 4 4
3 906868 1 2 4 1 1 2 1 1 3 3 3 3 4 4 4
3 908848 1 2 4 1 1 2 1 1 2 2 3 3 4 4 4
3 908849 1 1 1 1 4 1 2 2 3 3 3 3 4 4 4
3 908849 1 2 4 1 1 2 1 1 3 3 3 3 4 4 4
3 912688 1 1 4 1 1 1 2 2 2 2 3 3 4 4 4
3 912688 1 4 1 2 1 2 1 1 2 2 3 3 4 4 4
3 914608 1 4 1 2 1 2 1 1 2 2 3 3 4 4 4
3 998832 1 1 1 4 1 1 2 2 2 3 3 4 4 4 4
3 998832 2 4 1 1 2 2 1 1 2 3 3 4 4 4 4
3 999080 1 1 1 4 1 1 2 2 2 3 3 4 4 4 4
3 1007288 1 1 1 2 1 1 2 4 3 3 3 4 4 4 5
3 1009228 1 4 1 1 1 1 2 2 2 3 3 3 3 4 4
3 1010464 1 4 1 1 1 1 2 2 1 2 3 3 3 4 4
3 1010472 1 1 4 1 1 1 2 2 2 2 3 3 4 4 4
3 1010944 1 4 1 1 1 1 2 2 0 2 3 3 3 3 4
3 1010944 1 4 1 1 1 2 1 2 0 2 3 3 3 3 4
3 1010944 1 4 1 1 2 1 1 2 0 2 3 3 3 3 4
3 1010976 1 4 1 1 1 2 1 2 1 2 3 3 3 3 5
3 1010976 1 4 1 1 2 1 1 2 1 2 3 3 3 3 5
3 1011208 1 4 1 1 1 1 2 2 1 2 3 3 3 4 4
3 1011456 2 4 1 1 1 1 2 2 0 3 3 3 3 4 4
3 1011464 2 4 1 1 1 1 2 2 1 3 3 3 4 4 4
3 1012144 1 1 4 1 1 1 2 2 2 2 3 3 4 4 4
3 1012144 1 4 1 1 2 2 1 1 2 2 3 3 4 4 4
3 1012392 1 4 1 1 1 1 2 2 2 2 3 3 4 4 4
3 1014441 1 1 1 2 1 1 2 4 3 3 4 4 4 4 4
3 1014441 1 1 1 4 1 1 2 2 3 3 4 4 4 4 4
3 1015216 1 1 1 2 1 1 2 4 2 3 4 4 4 4 5
3 1015464 1 1 1 2 1 1 2 4 2 3 4 4 4 4 5
3 1023536 1 1 1 4 1 1 2 2 2 2 2 4 4 4 4
3 1023536 1 1 4 1 2 2 1 1 2 2 2 4 4 4 4
3 1023600 1 1 1 4 1 1 2 2 2 3 3 4 4 4 4
3 1023600 1 1 4 1 2 2 1 1 2 3 3 4 4 4 4
3 1027376 1 4 1 1 2 2 1 1 2 2 2 4 4 4 4
3 1027440 2 4 1 1 2 2 1 1 2 3 3 4 4 4 4
3 1027688 1 1 4 1 2 2 1 1 2 3 3 4 4 4 4
3 1027874 1 1 4 1 2 2 1 1 2 3 3 4 4 4 4
3 1031712 1 1 4 1 2 2 1 1 1 2 3 4 4 4 4
3 1031713 1 1 1 4 1 1 2 2 2 3 3 4 4 4 4
3 1031713 1 1 4 1 2 2 1 1 2 3 3 4 4 4 4
3 1035896 1 1 1 1 1 2 2 4 3 3 3 4 4 4 5
3 1035896 1 1 1 1 2 1 2 4 3 3 3 4 4 4 5
3 1039921 1 1 1 1 1 2 2 4 3 3 3 4 4 4 5
3 1039921 1 1 1 2 1 1 2 4 3 3 3 4 4 4 5
3 1040384 1 2 4 1 1 2 1 1 0 0 2 3 3 3 3
3 1041920 1 4 1 1 1 1 2 2 0 2 2 3 3 4 4
3 1041928 1 4 1 1 1 1 2 2 1 2 2 3 4 4 4
3 1041996 1 1 1 4 2 2 1 1 2 3 3 4 4 4 4
3 1041996 2 4 1 1 1 1 2 2 2 3 3 4 4 4 4
3 1042058 1 1 1 4 2 2 1 1 2 3 3 4 4 4 4
3 1043976 1 1 4 1 2 2 1 1 1 2 3 4 4 4 4
3 1048097 1 1 1 1 1 2 2 4 2 3 4 4 4 4 5
3 1171248 1 4 1 1 2 1 1 2 2 3 3 3 3 4 4
3 1175336 1 4 1 1 1 1 2 2 2 3 3 3 3 4 4
3 1175336 1 4 1 2 1 1 2 1 2 3 3 3 3 4 4
3 1175336 1 4 2 1 1 1 2 1 2 3 3 3 3 4 4
3 1177380 1 4 1 2 1 1 2 1 2 3 3 3 3 4 4
3 1240888 1 1 1 1 4 1 2 2 3 3 3 3 3 4 5
3 1240888 1 1 2 4 1 1 1 2 3 3 3 3 3 4 5
3 1240888 1 1 4 1 1 1 2 2 3 3 3 3 3 4 5
3 1240888 1 1 4 2 1 1 1 2 3 3 3 3 3 4 5
3 1240888 1 2 4 1 1 1 1 2 3 3 3 3 3 4 5
3 1275660 1 4 1 1 1 1 2 2 2 3 3 3 3 4 4
3 1307424 1 4 1 1 2 1 2 1 1 2 3 3 3 4 4
3 1307952 1 1 4 1 1 1 2 2 2 2 3 3 3 4 5
3 1307952 1 4 1 1 2 1 1 2 2 2 3 3 3 4 5
3 1308168 1 4 1 1 1 1 2 2 1 2 3 3 3 4 4
3 1308464 1 1 1 1 4 1 2 2 2 3 3 3 3 5 5
3 1400240 1 4 1 1 1 1 2 2 2 3 3 3 3 4 4
3 1400488 1 4 1 1 1 1 2 2 2 3 3 3 3 4 4
3 1400488 1 4 1 2 1 1 2 1 2 3 3 3 3 4 4
3 1428848 1 4 1 1 1 1 2 2 2 3 3 3 3 4 4
3 1428848 1 4 1 1 1 2 1 2 2 3 3 3 3 4 4
3 1429096 1 4 1 1 1 1 2 2 2 3 3 3 3 4 4
3 1429096 1 4 1 2 1 1 2 1 2 3 3 3 3 4 4
3 1429096 1 4 2 1 1 1 2 1 2 3 3 3 3 4 4
3 1429282 1 4 1 1 1 1 2 2 2 3 3 3 3 4 4
3 1429282 1 4 1 2 1 1 2 1 2 3 3 3 3 4 4
3 1429282 1 4 2 1 1 1 2 1 2 3 3 3 3 4 4
3 1433120 1 4 1 1 1 1 2 2 1 2 3 3 3 4 4
3 1433120 1 4 1 2 1 1 2 1 1 2 3 3 3 4 4
3 1433121 1 4 1 1 1 1 2 2 2 3 3 3 3 4 4
3 1433121 1 4 1 2 1 1 2 1 2 3 3 3 3 4 4
3 1436960 1 2 4 1 1 1 2 1 1 2 3 3 3 4 4
3 1436960 1 4 1 1 1 1 2 2 1 2 3 3 3 4 4
3 1436960 1 4 1 2 1 1 2 1 1 2 3 3 3 4 4
3 1436960 1 4 2 1 1 1 2 1 1 2 3 3 3 4 4
3 1466040 1 1 1 1 4 1 2 2 3 3 3 3 3 4 5
3 1466040 1 1 1 4 1 1 2 2 3 3 3 3 3 4 5
3 1466040 1 1 4 1 1 1 2 2 3 3 3 3 3 4 5
3 1466040 1 2 4 1 1 1 1 2 3 3 3 3 3 4 5
3 1466040 1 4 1 1 1 1 2 2 3 3 3 3 3 4 5
3 1466040 1 4 2 1 1 1 1 2 3 3 3 3 3 4 5
3 1470220 1 4 1 1 1 1 2 2 2 3 3 3 3 4 4
3 1496692 1 1 1 1 4 1 2 2 3 3 3 3 3 4 5
3 1496692 1 1 4 1 1 1 2 2 3 3 3 3 3 4 5
3 1498672 1 1 4 1 1 1 2 2 2 2 3 3 3 4 5
3 1498673 1 1 1 1 4 1 2 2 3 3 3 3 3 4 5
3 1498673 1 1 4 1 1 1 2 2 3 3 3 3 3 4 5
3 1500748 1 4 1 1 1 1 2 2 2 3 3 3 3 4 4
3 1500810 1 4 1 1 1 1 2 2 2 3 3 3 3 4 4
3 1501984 1 4 1 1 1 1 2 2 1 2 3 3 3 4 4
3 1501984 1 4 1 1 2 1 2 1 1 2 3 3 3 4 4
3 1501984 1 4 1 2 1 1 2 1 1 2 3 3 3 4 4
3 1502480 1 4 1 1 1 1 2 2 1 2 3 3 3 4 4
3 1502480 1 4 1 1 1 2 1 2 1 2 3 3 3 4 4
3 1502512 1 1 4 1 1 1 2 2 2 2 3 3 3 4 5
3 1502512 1 4 1 1 1 1 2 2 2 2 3 3 3 4 5
3 1502728 1 4 1 1 1 1 2 2 1 2 3 3 3 4 4
3 1502976 2 4 1 1 1 1 2 2 0 3 3 3 3 4 4
3 1503008 2 4 1 1 1 1 2 2 1 3 3 3 3 4 5
3 1503024 1 1 1 4 1 1 2 2 2 3 3 3 3 5 5
3 1503024 2 4 1 1 1 1 2 2 2 3 3 3 3 5 5
3 1503032 1 1 1 1 1 2 2 4 3 3 3 3 4 5 5
3 1504432 1 1 4 1 1 1 2 2 2 2 3 3 3 4 5
3 1504432 1 4 1 1 1 1 2 2 2 2 3 3 3 4 5
3 1504432 1 4 1 2 1 1 1 2 2 2 3 3 3 4 5
3 1535240 1 4 1 1 1 1 2 2 1 2 3 3 3 4 4
3 1535272 1 1 4 1 1 1 2 2 2 2 3 3 3 4 5
3 1535784 1 1 1 1 4 1 2 2 2 3 3 3 3 5 5
3 1535784 1 1 4 1 1 1 2 2 2 3 3 3 3 5 5
3 1536416 1 4 1 1 1 1 2 2 1 2 3 3 3 4 4
3 1536416 1 4 1 1 2 1 2 1 1 2 3 3 3 4 4
3 1536416 1 4 1 2 1 1 2 1 1 2 3 3 3 4 4
3 1537160 1 4 1 1 1 1 2 2 1 2 3 3 3 4 4
3 1537192 1 1 4 1 1 1 2 2 2 2 3 3 3 4 5
3 1537192 1 4 1 1 1 1 2 2 2 2 3 3 3 4 5
3 1537284 1 4 1 1 1 1 2 2 1 2 3 3 3 4 4
3 1537828 1 1 1 1 4 1 2 2 2 3 3 3 3 5 5
3 1537828 1 1 1 4 1 1 2 2 2 3 3 3 3 5 5
3 1553440 1 2 4 1 1 1 2 1 1 1 2 3 3 4 4
3 1562112 1 4 1 1 1 1 2 2 0 2 2 3 3 4 4
3 1562144 1 4 1 1 1 1 2 2 1 2 2 3 3 4 5
3 1562160 1 1 4 1 1 1 2 2 2 2 2 3 3 5 5
3 1564464 1 1 1 1 1 2 2 4 2 3 3 4 4 5 5
3 1568552 1 1 1 1 1 2 2 4 2 3 3 4 4 5 5
3 1569792 1 4 1 1 1 1 2 2 0 1 3 3 3 4 4
3 1569793 1 4 1 1 1 1 2 2 1 2 3 3 3 4 4
3 1569824 1 1 4 1 1 1 2 2 1 1 3 3 3 4 5
3 1569825 1 1 4 1 1 1 2 2 2 2 3 3 3 4 5
3 1570040 2 1 1 1 1 2 2 4 3 3 4 4 4 5 5
3 1570164 2 1 1 1 1 2 2 4 3 3 4 4 4 5 5
3 1570336 1 1 4 1 1 1 2 2 1 2 3 3 3 5 5
3 1570596 1 1 1 1 1 2 2 4 2 3 3 4 4 5 5
3 1570660 2 1 1 1 1 2 2 4 2 4 4 4 4 5 5
3 1572144 1 1 1 1 1 2 2 4 2 2 4 4 4 5 5
3 1572145 2 1 1 1 1 2 2 4 3 3 4 4 4 5 5
3 1572640 1 1 1 1 1 2 2 4 1 3 4 4 4 5 5
3 1759760 1 2 4 1 1 1 1 2 1 1 3 3 3 3 4
3 1763600 1 2 4 1 1 1 1 2 1 1 3 3 3 3 4
3 1764096 1 2 4 1 1 1 1 2 0 2 3 3 3 3 4
3 1764096 1 4 1 1 1 1 2 2 0 2 3 3 3 3 4
3 1764096 1 4 1 1 2 1 1 2 0 2 3 3 3 3 4
3 1764096 1 4 2 1 1 1 1 2 0 2 3 3 3 3 4
3 1764128 1 4 1 1 1 1 2 2 1 2 3 3 3 3 5
3 1764128 1 4 1 1 2 1 1 2 1 2 3 3 3 3 5
3 1764144 1 4 1 1 1 1 2 2 2 2 3 3 3 4 5
3 1764144 1 4 1 2 1 1 1 2 2 2 3 3 3 4 5
3 1765176 1 1 1 1 1 2 2 4 3 3 3 3 4 4 6
3 1765176 1 2 2 1 1 1 1 4 3 3 3 3 4 4 6
3 1767188 1 1 2 4 1 1 1 2 2 3 3 3 4 4 5
3 1768368 1 1 2 2 1 1 1 4 2 3 4 4 4 4 5
3 1769360 1 1 2 2 1 1 1 4 1 4 4 4 4 4 5
3 1769360 1 1 2 4 1 1 1 2 1 4 4 4 4 4 5
3 1769392 2 1 2 2 1 1 1 4 2 4 4 4 4 4 6
3 1796904 1 4 1 1 1 1 2 2 2 2 3 3 3 4 5
3 1797944 1 1 1 1 2 1 2 4 3 3 3 3 3 5 6
3 1797944 1 1 2 1 1 1 2 4 3 3 3 3 3 5 6
3 1798576 1 4 1 1 1 1 2 2 2 2 3 3 3 4 5
3 1798576 1 4 1 1 2 1 1 2 2 2 3 3 3 4 5
3 1798576 1 4 1 2 1 1 1 2 2 2 3 3 3 4 5
3 1798824 1 4 1 1 1 1 2 2 2 2 3 3 3 4 5
3 1798948 1 4 1 1 1 1 2 2 2 2 3 3 3 4 5
3 1810040 1 1 1 1 1 2 2 4 3 3 3 4 4 4 5
3 1810040 1 1 1 1 1 2 4 2 3 3 3 4 4 4 5
3 1810040 1 1 1 1 1 4 2 2 3 3 3 4 4 4 5
3 1810040 1 2 1 1 2 1 1 4 3 3 3 4 4 4 5
3 1810040 1 2 1 1 4 1 1 2 3 3 3 4 4 4 5
3 1810040 2 4 1 1 2 1 1 2 3 3 3 4 4 4 5
3 1815552 1 2 4 1 1 1 1 2 0 1 2 3 3 3 4
3 1815552 1 4 2 1 1 1 1 2 0 1 2 3 3 3 4
3 1815584 1 2 4 1 1 1 1 2 1 1 2 3 3 3 5
3 1815800 1 1 1 1 1 2 2 4 3 3 3 4 4 4 5
3 1815800 1 1 1 1 1 2 4 2 3 3 3 4 4 4 5
3 1815800 1 1 1 2 2 1 1 4 3 3 3 4 4 4 5
3 1815924 1 1 1 1 1 2 2 4 3 3 3 4 4 4 5
3 1815924 1 1 1 1 1 2 4 2 3 3 3 4 4 4 5
3 1815924 1 1 1 1 1 4 2 2 3 3 3 4 4 4 5
3 1815924 1 1 1 2 2 1 1 4 3 3 3 4 4 4 5
3 1816096 1 4 1 1 1 1 2 2 1 2 2 3 3 4 5
3 1817905 1 1 1 1 1 2 2 4 3 3 3 4 4 4 5
3 1817905 1 1 1 1 1 2 4 2 3 3 3 4 4 4 5
3 1817905 1 1 1 2 2 1 1 4 3 3 3 4 4 4 5
3 1818400 1 1 4 1 2 1 1 2 1 3 3 4 4 4 5
3 1823232 1 2 4 1 1 1 1 2 0 1 2 3 3 3 4
3 1823232 1 4 2 1 1 1 1 2 0 1 2 3 3 3 4
3 1826576 1 1 4 1 2 1 1 2 1 3 3 4 4 4 5
3 1826608 1 1 1 1 1 2 2 4 2 3 3 4 4 4 6
3 1826608 1 1 2 1 2 1 1 4 2 3 3 4 4 4 6
3 1830912 2 2 4 1 1 1 1 2 0 0 3 3 3 3 4
3 1830913 1 2 4 1 1 1 1 2 1 1 3 3 3 3 4
3 1831344 1 1 1 4 2 1 1 2 2 2 3 4 4 4 5
3 1831408 1 1 1 1 1 2 2 4 2 3 4 4 4 4 5
3 1831408 1 1 1 1 1 2 4 2 2 3 4 4 4 4 5
3 1831408 1 1 1 1 1 4 2 2 2 3 4 4 4 4 5
3 1831408 1 1 1 2 2 1 1 4 2 3 4 4 4 4 5
3 1831408 1 1 1 2 4 1 1 2 2 3 4 4 4 4 5
3 1831456 1 4 1 1 1 1 2 2 1 1 3 3 3 4 5
3 1831457 1 4 1 1 1 1 2 2 2 2 3 3 3 4 5
3 1831716 1 1 1 4 2 1 1 2 2 2 3 4 4 4 5
3 1832152 1 1 1 1 1 2 2 4 2 3 4 4 4 4 5
3 1832152 1 1 1 1 1 2 4 2 2 3 4 4 4 4 5
3 1832152 1 1 1 2 2 1 1 4 2 3 4 4 4 4 5
3 1832152 1 1 1 2 4 1 1 2 2 3 4 4 4 4 5
3 1832184 2 1 1 1 1 2 2 4 3 3 4 4 4 4 6
3 1832276 1 1 1 1 1 2 2 4 2 3 4 4 4 4 5
3 1832276 1 1 1 1 1 2 4 2 2 3 4 4 4 4 5
3 1832276 1 1 1 1 1 4 2 2 2 3 4 4 4 4 5
3 1832308 2 1 1 1 1 2 2 4 3 3 4 4 4 4 6
3 1832708 1 1 1 4 2 1 1 2 1 3 3 4 4 4 5
3 1832740 1 1 1 1 1 2 2 4 2 3 3 4 4 4 6
3 1832740 1 1 1 2 2 1 1 4 2 3 3 4 4 4 6
3 1833761 1 1 1 1 1 2 2 4 2 3 4 4 4 4 5
3 1833761 1 1 1 1 1 2 4 2 2 3 4 4 4 4 5
3 1834257 1 1 1 1 1 2 2 4 2 3 4 4 4 4 5
3 1834257 1 1 1 1 1 2 4 2 2 3 4 4 4 4 5
3 1834257 1 1 1 1 1 4 2 2 2 3 4 4 4 4 5
3 1834257 1 1 1 2 2 1 1 4 2 3 4 4 4 4 5
3 1834257 1 1 1 2 4 1 1 2 2 3 4 4 4 4 5
3 1834288 1 1 1 1 1 2 2 4 2 2 4 4 4 4 6
3 1834288 1 1 1 2 2 1 1 4 2 2 4 4 4 4 6
3 1834289 2 1 1 1 1 2 2 4 3 3 4 4 4 4 6
3 1834289 2 1 1 2 2 1 1 4 3 3 4 4 4 4 6
3 1834784 1 1 1 1 1 2 2 4 1 3 4 4 4 4 6
3 1834784 1 1 1 2 2 1 1 4 1 3 4 4 4 4 6
3 1850804 1 1 1 4 1 1 2 2 3 3 3 3 4 4 4
3 1875572 1 1 1 1 4 1 2 2 3 3 3 3 4 4 4
3 1875572 1 1 4 1 1 2 1 2 3 3 3 3 4 4 4
3 1875572 1 2 4 1 1 2 1 1 3 3 3 3 4 4 4
3 1879288 1 1 1 1 4 1 2 2 3 3 3 3 4 4 4
3 1879412 1 1 1 1 4 1 2 2 3 3 3 3 4 4 4
3 1879412 1 1 4 1 1 2 2 1 3 3 3 3 4 4 4
3 1879474 1 1 1 1 4 1 2 2 3 3 3 3 4 4 4
3 1879474 1 1 4 1 1 1 2 2 3 3 3 3 4 4 4
3 1879474 1 1 4 1 1 2 2 1 3 3 3 3 4 4 4
3 1883312 1 1 4 1 1 2 2 1 2 2 3 3 4 4 4
3 1883312 1 4 1 1 1 2 1 2 2 2 3 3 4 4 4
3 1883312 1 4 1 1 1 2 2 1 2 2 3 3 4 4 4
3 1883808 2 4 1 1 1 2 2 1 1 3 3 3 4 4 4
3 1892016 1 1 1 4 1 1 2 2 2 3 3 3 4 4 5
3 1892016 1 1 4 1 1 2 1 2 2 3 3 3 4 4 5
3 1892016 2 4 1 1 1 2 1 2 2 3 3 3 4 4 5
3 1894832 1 1 4 1 1 1 2 2 2 2 3 3 4 4 4
3 1894832 1 4 1 1 1 2 1 2 2 2 3 3 4 4 4
3 1894832 1 4 1 2 1 2 1 1 2 2 3 3 4 4 4
3 1895080 1 1 4 1 1 2 1 2 2 2 3 3 4 4 4
3 1895080 1 4 1 1 1 2 2 1 2 2 3 3 4 4 4
3 1896104 1 1 1 4 1 2 1 2 2 3 3 3 4 4 5
3 1896120 1 1 1 1 1 2 2 4 3 3 3 3 4 5 5
3 1896120 1 1 1 1 1 4 2 2 3 3 3 3 4 5 5
3 1896228 1 1 1 4 1 2 1 2 2 3 3 3 4 4 5
3 1896228 1 1 4 1 1 2 1 2 2 3 3 3 4 4 5
3 1897124 1 1 4 1 1 2 1 2 2 2 3 3 4 4 4
3 1924792 1 1 1 1 1 2 2 4 3 3 3 3 4 5 5
3 1924792 1 1 1 1 1 2 4 2 3 3 3 3 4 5 5
3 1924792 1 1 1 1 1 4 2 2 3 3 3 3 4 5 5
3 1924792 1 1 1 2 1 1 4 2 3 3 3 3 4 5 5
3 1924792 1 2 1 1 1 1 2 4 3 3 3 3 4 5 5
3 1924792 1 2 1 1 1 1 4 2 3 3 3 3 4 5 5
3 1924792 2 4 1 1 1 1 2 2 3 3 3 3 4 5 5
3 1941024 1 4 1 1 1 2 2 1 1 2 2 3 4 4 4
3 1946724 1 1 4 1 1 2 2 1 2 2 3 3 4 4 4
3 1946784 1 4 1 1 1 2 2 1 1 2 2 3 4 4 4
3 1948704 1 1 4 1 1 2 2 1 1 1 3 3 4 4 4
3 1948705 1 1 4 1 1 2 2 1 2 2 3 3 4 4 4
3 1953040 1 4 1 1 1 2 1 2 1 2 2 3 4 4 4
3 1953072 1 1 4 1 1 1 2 2 2 2 2 3 4 4 5
3 1953136 1 1 4 1 1 1 2 2 2 3 3 3 4 4 5
3 1953136 2 4 1 1 1 2 1 2 2 3 3 3 4 4 5
3 1953570 1 1 4 1 1 1 2 2 2 3 3 3 4 4 5
3 1954032 1 4 1 1 1 2 1 2 2 2 3 3 4 4 4
3 1954404 1 1 4 1 1 2 1 2 2 2 3 3 4 4 4
3 1954466 1 1 4 1 1 2 1 2 2 2 3 3 4 4 4
3 1955428 1 1 1 4 1 1 2 2 2 3 3 3 4 4 5
3 1955444 1 1 1 1 1 2 2 4 3 3 3 3 4 5 5
3 1955444 1 1 1 1 1 4 2 2 3 3 3 3 4 5 5
3 1955444 1 1 1 1 2 1 2 4 3 3 3 3 4 5 5
3 1955490 1 1 1 4 1 1 2 2 2 3 3 3 4 4 5
3 1955490 1 1 4 1 1 2 1 2 2 3 3 3 4 4 5
3 1956384 1 1 4 1 1 2 1 2 1 1 3 3 4 4 4
3 1956385 1 1 4 1 1 2 1 2 2 2 3 3 4 4 4
3 1957408 1 1 4 1 1 2 1 2 1 2 3 3 4 4 5
3 1957425 1 1 1 1 1 2 2 4 3 3 3 3 4 5 5
3 1957425 1 1 1 1 1 4 2 2 3 3 3 3 4 5 5
3 1957425 1 1 1 1 2 1 2 4 3 3 3 3 4 5 5
3 1957680 1 1 1 1 1 2 2 4 2 3 3 3 5 5 5
3 1957680 1 1 1 1 1 4 2 2 2 3 3 3 5 5 5
3 1961760 1 1 4 1 1 1 2 2 1 3 3 3 4 5 5
3 1962144 1 4 1 1 1 2 2 1 1 1 3 3 4 4 4
3 1962145 1 4 1 1 1 2 2 1 2 2 3 3 4 4 4
3 1963184 1 1 1 4 1 1 2 2 2 2 3 3 4 5 5
3 1963812 1 1 1 1 1 2 2 4 2 3 3 3 5 5 5
3 1963812 1 1 1 1 1 2 4 2 2 3 3 3 5 5 5
3 1990296 1 1 1 4 1 1 2 2 2 3 3 3 4 4 5
3 1990328 1 1 1 1 1 2 2 4 3 3 3 3 4 4 6
3 1990328 1 1 1 2 1 1 2 4 3 3 3 3 4 4 6
3 1990328 1 2 1 1 1 1 2 4 3 3 3 3 4 4 6
3 1990420 1 1 1 4 1 1 2 2 2 3 3 3 4 4 5
3 1990420 1 1 4 1 1 1 2 2 2 3 3 3 4 4 5
3 1990420 1 1 4 1 1 2 1 2 2 3 3 3 4 4 5
3 2006576 1 1 4 1 1 2 1 2 2 2 2 3 4 4 5
3 2010416 1 1 4 1 1 1 2 2 2 2 2 3 4 4 5
3 2010416 1 4 1 1 1 2 1 2 2 2 2 3 4 4 5
3 2012336 1 4 1 1 1 2 1 2 2 2 2 3 4 4 5
3 2020948 1 1 1 1 4 1 2 2 2 3 3 3 4 4 5
3 2020948 1 1 1 4 1 1 2 2 2 3 3 3 4 4 5
3 2020948 1 1 4 1 1 2 1 2 2 3 3 3 4 4 5
3 2020980 1 1 1 1 1 2 2 4 3 3 3 3 4 4 6
3 2020980 1 1 1 1 2 1 2 4 3 3 3 3 4 4 6
3 2022928 1 1 4 1 1 2 1 2 1 2 3 3 4 4 5
3 2022929 1 1 1 1 4 1 2 2 2 3 3 3 4 4 5
3 2022929 1 1 4 1 1 2 1 2 2 3 3 3 4 4 5
3 2022961 1 1 1 1 1 2 2 4 3 3 3 3 4 4 6
3 2022961 1 1 1 1 2 1 2 4 3 3 3 3 4 4 6
3 2023424 1 2 4 1 1 1 1 2 0 0 2 2 3 3 4
3 2025222 1 1 1 1 4 1 2 2 2 3 3 3 4 4 5
3 2025222 1 1 4 1 1 1 2 2 2 3 3 3 4 4 5
3 2026768 1 1 4 1 1 1 2 2 1 2 3 3 4 4 5
3 2027312 1 1 1 1 1 2 2 4 2 3 3 3 4 5 6
3 2027312 1 1 2 1 1 1 2 4 2 3 3 3 4 5 6
3 2027320 2 1 1 1 1 2 2 4 3 3 3 3 5 5 6
3 2029060 1 1 4 1 1 2 1 2 1 2 3 3 4 4 5
3 2039296 1 4 1 1 1 1 2 2 0 2 2 3 3 4 4
3 2039328 1 4 1 1 1 1 2 2 1 2 2 3 3 4 5
3 2039344 1 1 4 1 1 1 2 2 2 2 2 3 3 5 5
3 2043136 1 4 1 1 1 1 2 2 0 2 2 3 3 4 4
3 2043168 1 4 1 1 1 1 2 2 1 2 2 3 3 4 5
3 2043184 1 4 1 1 1 1 2 2 2 2 2 3 3 5 5
3 2047408 1 1 1 2 1 1 2 4 2 3 3 4 4 5 5
3 2047656 1 1 1 2 1 1 2 4 2 3 3 4 4 5 5
3 2056392 1 4 1 1 1 1 2 2 1 2 3 3 3 4 4
3 2056424 1 4 1 1 1 1 2 2 2 2 3 3 3 4 5
3 2057804 1 1 1 1 1 4 2 2 2 3 3 3 3 5 5
3 2057804 1 1 1 4 1 1 2 2 2 3 3 3 3 5 5
3 2058496 1 4 1 1 1 1 2 2 0 1 3 3 3 4 4
3 2058497 1 4 1 1 1 1 2 2 1 2 3 3 3 4 4
3 2058528 1 4 1 1 1 1 2 2 1 1 3 3 3 4 5
3 2058529 1 4 1 1 1 1 2 2 2 2 3 3 3 4 5
3 2059784 1 1 4 1 1 1 2 2 1 2 3 3 3 5 5
3 2060040 1 1 4 1 1 1 2 2 1 3 3 3 4 5 5
3 2060072 1 1 1 1 1 2 2 4 2 3 3 3 4 5 6
3 2060072 1 1 2 1 1 1 2 4 2 3 3 3 4 5 6
3 2060720 1 1 1 4 1 1 2 2 2 2 3 3 4 5 5
3 2060968 1 1 1 4 1 1 2 2 2 2 3 3 4 5 5
3 2062084 1 1 1 4 1 1 2 2 1 3 3 3 4 5 5
3 2062116 1 1 1 1 1 2 2 4 2 3 3 3 4 5 6
3 2062116 1 1 1 2 1 1 2 4 2 3 3 3 4 5 6
3 2062768 1 1 1 2 1 1 2 4 2 2 4 4 4 5 5
3 2062768 1 1 1 4 1 1 2 2 2 2 4 4 4 5 5
3 2063016 1 1 1 2 1 1 2 4 2 2 4 4 4 5 5
3 2063016 1 1 1 4 1 1 2 2 2 2 4 4 4 5 5
3 2063017 2 1 1 2 1 1 2 4 3 3 4 4 4 5 5
3 2063017 2 1 1 4 1 1 2 2 3 3 4 4 4 5 5
3 2063264 1 1 1 2 1 1 2 4 1 3 4 4 4 5 5
3 2063264 1 1 1 2 1 1 4 2 1 3 4 4 4 5 5
3 2063264 1 1 1 4 1 1 2 2 1 3 4 4 4 5 5
3 2063792 2 1 1 2 1 1 2 4 2 3 4 4 4 5 6
3 2064008 1 1 1 2 1 1 2 4 1 3 4 4 4 5 5
3 2064008 1 1 1 4 1 1 2 2 1 3 4 4 4 5 5
3 2064040 2 1 1 2 1 1 2 4 2 3 4 4 4 5 6
3 2066800 1 4 1 1 2 2 1 1 2 2 2 4 4 4 4
3 2067298 1 1 4 1 2 1 1 2 2 3 3 4 4 4 4
3 2067826 1 1 1 1 2 1 2 4 3 3 3 4 4 4 5
3 2067826 1 1 1 1 2 1 4 2 3 3 3 4 4 4 5
3 2067826 1 1 1 1 4 1 2 2 3 3 3 4 4 4 5
3 2069088 1 4 1 1 1 2 2 1 1 2 2 3 4 4 4
3 2069616 1 4 1 1 1 2 1 2 2 2 2 3 4 4 5
3 2071665 1 1 1 1 1 2 2 4 3 3 3 4 4 4 5
3 2071665 1 1 1 1 1 2 4 2 3 3 3 4 4 4 5
3 2071665 1 1 1 1 1 4 2 2 3 3 3 4 4 4 5
3 2071665 1 1 1 1 2 2 1 4 3 3 3 4 4 4 5
3 2071665 1 1 1 1 2 4 1 2 3 3 3 4 4 4 5
3 2071665 1 1 1 2 1 1 2 4 3 3 3 4 4 4 5
3 2072066 1 1 4 1 2 2 1 1 1 2 3 4 4 4 4
3 2072067 1 1 1 4 1 1 2 2 2 3 3 4 4 4 4
3 2072176 1 1 1 1 1 2 2 4 2 3 3 4 4 5 5
3 2072176 1 1 1 1 1 4 2 2 2 3 3 4 4 5 5
3 2072184 2 1 1 1 1 2 2 4 3 3 3 4 5 5 5
3 2072184 2 1 1 1 1 4 2 2 3 3 3 4 5 5 5
3 2073664 1 4 1 1 1 1 2 2 0 2 2 3 3 4 4
3 2073696 1 4 1 1 1 1 2 2 1 2 2 3 3 4 5
3 2073712 1 4 1 1 1 1 2 2 2 2 2 3 3 5 5
3 2076016 1 1 1 1 1 2 2 4 2 3 3 4 4 5 5
3 2076016 1 1 1 1 1 2 4 2 2 3 3 4 4 5 5
3 2076016 1 1 1 1 1 4 2 2 2 3 3 4 4 5 5
3 2076264 1 1 1 1 1 2 2 4 2 3 3 4 4 5 5
3 2076264 1 1 1 1 1 2 4 2 2 3 3 4 4 5 5
3 2076264 1 1 1 1 1 4 2 2 2 3 3 4 4 5 5
3 2076264 1 1 1 1 2 1 2 4 2 3 3 4 4 5 5
3 2076264 1 1 1 1 2 1 4 2 2 3 3 4 4 5 5
3 2076264 1 1 1 1 4 1 2 2 2 3 3 4 4 5 5
3 2076450 1 1 1 1 1 2 2 4 2 3 3 4 4 5 5
3 2076450 1 1 1 1 1 2 4 2 2 3 3 4 4 5 5
3 2076450 1 1 1 1 1 4 2 2 2 3 3 4 4 5 5
3 2076450 1 1 1 1 2 1 2 4 2 3 3 4 4 5 5
3 2076450 1 1 1 1 2 1 4 2 2 3 3 4 4 5 5
3 2076450 1 1 1 1 4 1 2 2 2 3 3 4 4 5 5
3 2078068 2 1 1 1 1 2 2 4 3 3 3 4 5 5 5
3 2078068 2 1 1 1 1 4 2 2 3 3 3 4 5 5 5
3 2080048 1 1 1 1 1 2 2 4 2 2 3 4 5 5 5
3 2080048 1 1 1 1 1 2 4 2 2 2 3 4 5 5 5
3 2080289 1 1 1 1 1 2 2 4 2 3 3 4 4 5 5
3 2080289 1 1 1 1 1 2 4 2 2 3 3 4 4 5 5
3 2080289 1 1 1 1 1 4 2 2 2 3 3 4 4 5 5
3 2080289 1 1 1 2 1 1 2 4 2 3 3 4 4 5 5
3 2080544 1 1 1 1 1 2 2 4 1 3 3 4 5 5 5
3 2080544 1 1 1 1 1 2 4 2 1 3 3 4 5 5 5
3 2080768 1 2 4 1 1 1 1 2 0 0 1 3 3 3 4
3 2080832 1 2 4 1 1 1 1 2 0 1 2 3 3 3 4
3 2080832 1 4 2 1 1 1 1 2 0 1 2 3 3 3 4
3 2084208 1 1 1 1 1 2 2 4 2 3 3 4 4 4 6
3 2084208 1 1 1 1 2 2 1 4 2 3 3 4 4 4 6
3 2084472 2 1 1 1 1 2 2 4 3 3 3 4 4 5 6
3 2084472 2 1 1 1 2 1 2 4 3 3 3 4 4 5 6
3 2084610 1 1 4 1 2 1 1 2 1 3 3 4 4 4 5
3 2084642 1 1 1 1 1 2 2 4 2 3 3 4 4 4 6
3 2084642 1 1 1 1 2 1 2 4 2 3 3 4 4 4 6
3 2084642 1 1 2 1 2 1 1 4 2 3 3 4 4 4 6
3 2087457 1 1 1 4 1 1 2 2 2 2 3 4 4 4 5
3 2088496 1 1 1 1 1 2 2 4 2 2 3 4 4 5 6
3 2088497 2 1 1 1 1 2 2 4 3 3 3 4 4 5 6
3 2088752 2 1 1 1 1 2 2 4 2 3 3 4 5 5 6
3 2090572 1 1 1 1 1 2 2 4 2 3 3 4 4 5 5
3 2090572 1 1 1 1 1 4 2 2 2 3 3 4 4 5 5
3 2090634 1 1 1 1 1 2 2 4 2 3 3 4 4 5 5
3 2090634 1 1 1 1 1 4 2 2 2 3 3 4 4 5 5
3 2090634 1 1 1 1 2 1 2 4 2 3 3 4 4 5 5
3 2090634 1 1 1 1 4 1 2 2 2 3 3 4 4 5 5
3 2092336 1 1 1 1 1 2 2 4 2 2 3 4 4 5 6
3 2092336 1 1 1 1 2 1 2 4 2 2 3 4 4 5 6
3 2092832 1 1 1 1 1 2 2 4 1 3 3 4 4 5 6
3 2093488 1 1 1 1 1 2 2 4 2 2 3 4 5 5 5
3 2093488 1 1 1 1 1 4 2 2 2 2 3 4 5 5 5
3 2093552 2 1 1 1 1 2 2 4 2 3 4 4 5 5 5
3 2093552 2 1 1 1 1 4 2 2 2 3 4 4 5 5 5
3 2093601 1 1 1 1 4 1 2 2 2 2 3 3 4 5 5
3 2093924 2 1 1 1 1 2 2 4 2 3 4 4 5 5 5
3 2093924 2 1 1 1 1 2 4 2 2 3 4 4 5 5 5
3 2094328 3 1 1 1 1 2 2 4 3 3 4 4 5 5 6
3 2094384 1 1 1 1 1 2 2 4 2 2 3 3 5 5 6
3 2094452 3 1 1 1 1 2 2 4 3 3 4 4 5 5 6
3 2094852 1 1 1 1 1 2 2 4 1 3 3 4 5 5 5
3 2094854 2 1 1 1 1 2 2 4 2 3 4 4 5 5 5
3 2094880 1 1 1 1 1 2 2 4 1 3 3 3 5 5 6
3 2094884 2 1 1 1 1 2 2 4 2 3 3 4 5 5 6
3 2094916 2 1 1 1 1 2 2 4 1 4 4 4 5 5 5
3 2094948 3 1 1 1 1 2 2 4 2 4 4 4 5 5 6
3 2095649 1 1 1 1 1 2 2 4 2 2 4 4 4 5 5
3 2095649 1 1 1 1 1 4 2 2 2 2 4 4 4 5 5
3 2095904 1 1 1 1 1 2 2 4 1 2 4 4 5 5 5
3 2095904 1 1 1 1 1 2 4 2 1 2 4 4 5 5 5
3 2095905 2 1 1 1 1 2 2 4 2 3 4 4 5 5 5
3 2095905 2 1 1 1 1 2 4 2 2 3 4 4 5 5 5
3 2096161 1 1 1 1 1 2 2 4 2 2 4 4 4 4 6
3 2096432 2 1 1 1 1 2 2 4 2 2 4 4 5 5 6
3 2096433 3 1 1 1 1 2 2 4 3 3 4 4 5 5 6
3 2096641 1 1 1 1 1 2 2 4 1 3 4 4 4 5 5
3 2096641 1 1 1 1 1 4 2 2 1 3 4 4 4 5 5
3 2096672 1 1 1 1 1 2 2 4 1 2 4 4 4 5 6
3 2096673 2 1 1 1 1 2 2 4 2 3 4 4 4 5 6
3 2096896 1 1 1 1 1 2 2 4 0 3 4 4 5 5 5
3 2096928 2 1 1 1 1 2 2 4 1 3 4 4 5 5 6
4 259964 2 1 1 1 1 2 3 3 4 4 4 4 4 4 4
4 261944 1 1 1 1 1 2 3 3 3 3 4 4 4 4 4
4 521216 1 3 3 1 1 1 2 1 0 1 3 3 3 3 3
4 521464 1 1 1 1 1 2 3 3 3 3 4 4 4 4 4
4 521464 1 1 1 1 1 3 3 2 3 3 4 4 4 4 4
4 521464 1 2 1 3 3 1 1 1 3 3 4 4 4 4 4
4 521464 1 3 1 2 3 1 1 1 3 3 4 4 4 4 4
4 521588 1 1 1 1 1 2 3 3 3 3 4 4 4 4 4
4 521588 1 1 1 1 1 3 3 2 3 3 4 4 4 4 4
4 522084 1 1 1 1 1 2 3 3 2 4 4 4 4 4 4
4 522084 1 1 1 1 1 3 3 2 2 4 4 4 4 4 4
4 523569 1 1 1 1 1 2 3 3 3 3 4 4 4 4 4
4 523569 1 1 1 1 1 3 3 2 3 3 4 4 4 4 4
4 782136 1 1 1 1 1 2 3 3 3 3 3 4 4 4 5
4 782136 1 1 1 1 1 3 2 3 3 3 3 4 4 4 5
4 782880 1 3 3 1 1 1 1 2 1 1 3 3 3 3 4
4 783872 1 3 3 1 1 1 1 2 0 2 3 3 3 3 4
4 783904 1 3 3 1 1 1 1 2 1 2 3 3 3 3 5
4 784244 2 1 1 1 1 2 3 3 3 4 4 4 4 4 5
4 784244 2 1 1 1 1 3 2 3 3 4 4 4 4 4 5
4 786224 1 1 1 1 1 2 3 3 2 3 4 4 4 4 5
4 786224 1 1 1 1 1 3 2 3 2 3 4 4 4 4 5
4 908848 1 3 3 1 1 2 1 1 2 2 3 3 4 4 4
4 998832 1 3 1 1 2 3 1 1 2 3 3 4 4 4 4
4 1007288 1 1 1 2 1 1 3 3 3 3 3 4 4 4 5
4 1007288 1 1 1 3 1 1 2 3 3 3 3 4 4 4 5
4 1011456 1 3 1 1 1 1 2 3 0 3 3 3 3 4 4
4 1011464 1 3 1 1 1 1 2 3 1 3 3 3 4 4 4
4 1011488 1 3 1 1 1 1 2 3 1 3 3 3 3 4 5
4 1011496 1 3 1 1 1 1 2 3 2 3 3 3 4 4 5
4 1011512 1 1 1 1 1 2 3 3 3 3 3 3 4 5 5
4 1011512 1 1 2 1 1 1 3 3 3 3 3 3 4 5 5
4 1014441 1 1 1 2 1 1 3 3 3 3 4 4 4 4 4
4 1014441 1 1 1 3 1 1 2 3 3 3 4 4 4 4 4
4 1015216 1 1 1 2 1 1 3 3 2 3 4 4 4 4 5
4 1015216 1 1 1 3 1 1 2 3 2 3 4 4 4 4 5
4 1015464 1 1 1 2 1 1 3 3 2 3 4 4 4 4 5
4 1015464 1 1 1 3 1 1 2 3 2 3 4 4 4 4 5
4 1015480 2 1 1 2 1 1 3 3 3 3 4 4 4 5 5
4 1027440 1 3 1 1 2 3 1 1 2 3 3 4 4 4 4
4 1035896 1 1 1 1 1 2 3 3 3 3 3 4 4 4 5
4 1035896 1 1 1 1 1 3 2 3 3 3 3 4 4 4 5
4 1035896 1 1 1 1 2 1 3 3 3 3 3 4 4 4 5
4 1035896 1 1 1 1 3 1 2 3 3 3 3 4 4 4 5
4 1039921 1 1 1 1 1 2 3 3 3 3 3 4 4 4 5
4 1039921 1 1 1 1 1 3 2 3 3 3 3 4 4 4 5
4 1039921 1 1 1 2 1 1 3 3 3 3 3 4 4 4 5
4 1039921 1 1 1 3 1 1 2 3 3 3 3 4 4 4 5
4 1040384 1 3 3 1 1 2 1 1 0 0 2 3 3 3 3
4 1041996 1 3 1 1 1 1 2 3 2 3 3 4 4 4 4
4 1044272 1 1 1 1 1 2 3 3 2 3 3 4 4 5 5
4 1044280 2 1 1 1 1 2 3 3 3 3 3 4 5 5 5
4 1046320 1 1 1 1 1 2 3 3 2 3 3 3 5 5 5
4 1046388 3 1 1 1 1 2 3 3 3 4 4 4 5 5 5
4 1048097 1 1 1 1 1 2 3 3 2 3 4 4 4 4 5
4 1048097 1 1 1 1 1 3 2 3 2 3 4 4 4 4 5
4 1048112 1 1 1 1 1 2 3 3 2 2 4 4 4 5 5
4 1048113 2 1 1 1 1 2 3 3 3 3 4 4 4 5 5
4 1048368 2 1 1 1 1 2 3 3 2 3 4 4 5 5 5
4 1308472 1 1 1 1 1 2 3 3 3 3 3 3 4 5 5
4 1308540 3 1 1 1 1 2 3 3 4 4 4 4 4 5 5
4 1310520 2 1 1 1 1 2 3 3 3 3 4 4 4 5 5
4 1436960 1 3 3 1 1 1 2 1 1 2 3 3 3 4 4
4 1502976 1 3 1 1 1 1 2 3 0 3 3 3 3 4 4
4 1503008 1 3 1 1 1 1 2 3 1 3 3 3 3 4 5
4 1503008 1 3 1 1 1 1 3 2 1 3 3 3 3 4 5
4 1503024 1 3 1 1 1 1 2 3 2 3 3 3 3 5 5
4 1503032 1 1 1 1 1 2 3 3 3 3 3 3 4 5 5
4 1503032 1 1 1 1 1 3 2 3 3 3 3 3 4 5 5
4 1535784 1 3 1 1 1 1 3 2 2 3 3 3 3 5 5
4 1537828 1 3 1 1 1 1 3 2 2 3 3 3 3 5 5
4 1553440 1 3 3 1 1 1 2 1 1 1 2 3 3 4 4
4 1564464 1 1 1 1 1 2 3 3 2 3 3 4 4 5 5
4 1564464 1 1 1 1 1 3 2 3 2 3 3 4 4 5 5
4 1568552 1 1 1 1 1 2 3 3 2 3 3 4 4 5 5
4 1568552 1 1 1 1 1 3 2 3 2 3 3 4 4 5 5
4 1570040 2 1 1 1 1 2 3 3 3 3 4 4 4 5 5
4 1570040 2 1 1 1 1 3 2 3 3 3 4 4 4 5 5
4 1570164 2 1 1 1 1 2 3 3 3 3 4 4 4 5 5
4 1570164 2 1 1 1 1 3 2 3 3 3 4 4 4 5 5
4 1570336 1 3 1 1 1 1 3 2 1 2 3 3 3 5 5
4 1570596 1 1 1 1 1 2 3 3 2 3 3 4 4 5 5
4 1570596 1 1 1 1 1 3 2 3 2 3 3 4 4 5 5
4 1570660 2 1 1 1 1 2 3 3 2 4 4 4 4 5 5
4 1570660 2 1 1 1 1 3 2 3 2 4 4 4 4 5 5
4 1572144 1 1 1 1 1 2 3 3 2 2 4 4 4 5 5
4 1572144 1 1 1 1 1 3 2 3 2 2 4 4 4 5 5
4 1572145 2 1 1 1 1 2 3 3 3 3 4 4 4 5 5
4 1572145 2 1 1 1 1 3 2 3 3 3 4 4 4 5 5
4 1572640 1 1 1 1 1 2 3 3 1 3 4 4 4 5 5
4 1572640 1 1 1 1 1 3 2 3 1 3 4 4 4 5 5
4 1759760 1 3 3 1 1 1 1 2 1 1 3 3 3 3 4
4 1763600 1 3 3 1 1 1 1 2 1 1 3 3 3 3 4
4 1764096 1 3 3 1 1 1 1 2 0 2 3 3 3 3 4
4 1765120 1 3 1 1 1 1 2 3 0 3 3 3 3 3 5
4 1765136 1 3 1 1 1 1 2 3 1 3 3 3 3 4 5
4 1765136 1 3 1 2 1 1 1 3 1 3 3 3 3 4 5
4 1765144 1 3 2 1 1 1 1 3 2 3 3 3 4 4 5
4 1765152 1 3 1 1 1 1 2 3 1 3 3 3 3 3 6
4 1765168 1 3 1 1 1 1 2 3 2 3 3 3 3 4 6
4 1765168 1 3 1 2 1 1 1 3 2 3 3 3 3 4 6
4 1765176 1 1 1 1 1 2 3 3 3 3 3 3 4 4 6
4 1765176 1 2 3 1 1 1 1 3 3 3 3 3 4 4 6
4 1768368 1 1 2 3 1 1 1 3 2 3 4 4 4 4 5
4 1768368 1 1 3 2 1 1 1 3 2 3 4 4 4 4 5
4 1769360 1 1 2 3 1 1 1 3 1 4 4 4 4 4 5
4 1769360 1 1 3 3 1 1 1 2 1 4 4 4 4 4 5
4 1769392 2 1 2 3 1 1 1 3 2 4 4 4 4 4 6
4 1797896 1 3 1 1 1 1 2 3 1 3 3 3 3 4 5
4 1797928 1 3 1 1 1 1 2 3 2 3 3 3 3 4 6
4 1797944 1 1 1 1 1 2 3 3 3 3 3 3 3 5 6
4 1797944 1 1 1 1 2 1 3 3 3 3 3 3 3 5 6
4 1797944 1 1 1 1 3 1 2 3 3 3 3 3 3 5 6
4 1797944 1 1 2 1 1 1 3 3 3 3 3 3 3 5 6
4 1797944 1 1 3 1 1 1 2 3 3 3 3 3 3 5 6
4 1799940 1 3 1 1 1 1 2 3 1 3 3 3 3 4 5
4 1799972 1 3 1 1 1 1 2 3 2 3 3 3 3 4 6
4 1810040 1 1 1 1 1 2 3 3 3 3 3 4 4 4 5
4 1810040 1 1 1 1 1 3 2 3 3 3 3 4 4 4 5
4 1810040 1 1 1 1 1 3 3 2 3 3 3 4 4 4 5
4 1810040 1 2 1 1 3 1 1 3 3 3 3 4 4 4 5
4 1810040 1 3 1 1 2 1 1 3 3 3 3 4 4 4 5
4 1810040 1 3 1 1 3 1 1 2 3 3 3 4 4 4 5
4 1815552 1 3 3 1 1 1 1 2 0 1 2 3 3 3 4
4 1815584 1 3 3 1 1 1 1 2 1 1 2 3 3 3 5
4 1815800 1 1 1 1 1 2 3 3 3 3 3 4 4 4 5
4 1815800 1 1 1 1 1 3 3 2 3 3 3 4 4 4 5
4 1815800 1 1 1 2 3 1 1 3 3 3 3 4 4 4 5
4 1815800 1 1 1 3 2 1 1 3 3 3 3 4 4 4 5
4 1815924 1 1 1 1 1 2 3 3 3 3 3 4 4 4 5
4 1815924 1 1 1 1 1 3 2 3 3 3 3 4 4 4 5
4 1815924 1 1 1 1 1 3 3 2 3 3 3 4 4 4 5
4 1815924 1 1 1 2 3 1 1 3 3 3 3 4 4 4 5
4 1815924 1 1 1 3 2 1 1 3 3 3 3 4 4 4 5
4 1817905 1 1 1 1 1 2 3 3 3 3 3 4 4 4 5
4 1817905 1 1 1 1 1 3 3 2 3 3 3 4 4 4 5
4 1817905 1 1 1 2 3 1 1 3 3 3 3 4 4 4 5
4 1817905 1 1 1 3 2 1 1 3 3 3 3 4 4 4 5
4 1823232 1 3 3 1 1 1 1 2 0 1 2 3 3 3 4
4 1825584 1 1 3 1 2 1 1 3 2 2 3 4 4 4 5
4 1826608 1 1 1 1 1 2 3 3 2 3 3 4 4 4 6
4 1826608 1 1 1 1 1 3 2 3 2 3 3 4 4 4 6
4 1826608 1 1 2 1 3 1 1 3 2 3 3 4 4 4 6
4 1826608 1 1 3 1 2 1 1 3 2 3 3 4 4 4 6
4 1830712 2 1 1 1 1 2 3 3 3 3 3 4 4 5 6
4 1830912 1 2 3 1 1 1 1 3 0 0 3 3 3 3 4
4 1830912 2 3 3 1 1 1 1 2 0 0 3 3 3 3 4
4 1830913 1 3 3 1 1 1 1 2 1 1 3 3 3 3 4
4 1831408 1 1 1 1 1 2 3 3 2 3 4 4 4 4 5
4 1831408 1 1 1 1 1 3 2 3 2 3 4 4 4 4 5
4 1831408 1 1 1 1 1 3 3 2 2 3 4 4 4 4 5
4 1831408 1 1 1 2 3 1 1 3 2 3 4 4 4 4 5
4 1831408 1 1 1 3 3 1 1 2 2 3 4 4 4 4 5
4 1831716 1 1 3 1 2 1 1 3 2 2 3 4 4 4 5
4 1831936 1 2 3 1 1 1 1 3 0 1 3 3 3 3 5
4 1831936 1 3 2 1 1 1 1 3 0 1 3 3 3 3 5
4 1831968 1 2 3 1 1 1 1 3 1 1 3 3 3 3 6
4 1832152 1 1 1 1 1 2 3 3 2 3 4 4 4 4 5
4 1832152 1 1 1 1 1 3 3 2 2 3 4 4 4 4 5
4 1832152 1 1 1 2 3 1 1 3 2 3 4 4 4 4 5
4 1832152 1 1 1 3 3 1 1 2 2 3 4 4 4 4 5
4 1832184 2 1 1 1 1 2 3 3 3 3 4 4 4 4 6
4 1832276 1 1 1 1 1 2 3 3 2 3 4 4 4 4 5
4 1832276 1 1 1 1 1 3 2 3 2 3 4 4 4 4 5
4 1832276 1 1 1 1 1 3 3 2 2 3 4 4 4 4 5
4 1832308 2 1 1 1 1 2 3 3 3 3 4 4 4 4 6
4 1832448 1 3 1 1 1 1 2 3 0 2 3 3 3 4 5
4 1832480 1 3 1 1 1 1 2 3 1 2 3 3 3 4 6
4 1832496 1 1 3 1 1 1 2 3 2 2 3 3 3 5 6
4 1832740 1 1 1 1 1 2 3 3 2 3 3 4 4 4 6
4 1832740 1 1 1 2 3 1 1 3 2 3 3 4 4 4 6
4 1832740 1 1 1 3 2 1 1 3 2 3 3 4 4 4 6
4 1832752 1 1 1 1 1 2 3 3 2 3 3 3 4 5 6
4 1832820 3 1 1 1 1 2 3 3 3 4 4 4 4 5 6
4 1833761 1 1 1 1 1 2 3 3 2 3 4 4 4 4 5
4 1833761 1 1 1 1 1 3 3 2 2 3 4 4 4 4 5
4 1834257 1 1 1 1 1 2 3 3 2 3 4 4 4 4 5
4 1834257 1 1 1 1 1 3 2 3 2 3 4 4 4 4 5
4 1834257 1 1 1 1 1 3 3 2 2 3 4 4 4 4 5
4 1834257 1 1 1 2 3 1 1 3 2 3 4 4 4 4 5
4 1834257 1 1 1 3 3 1 1 2 2 3 4 4 4 4 5
4 1834288 1 1 1 1 1 2 3 3 2 2 4 4 4 4 6
4 1834288 1 1 1 2 3 1 1 3 2 2 4 4 4 4 6
4 1834289 2 1 1 1 1 2 3 3 3 3 4 4 4 4 6
4 1834289 2 1 1 2 3 1 1 3 3 3 4 4 4 4 6
4 1834784 1 1 1 1 1 2 3 3 1 3 4 4 4 4 6
4 1834784 1 1 1 2 3 1 1 3 1 3 4 4 4 4 6
4 1834800 2 1 1 1 1 2 3 3 2 3 4 4 4 5 6
4 1883808 1 3 1 1 1 2 3 1 1 3 3 3 4 4 4
4 1883808 1 3 1 1 1 3 2 1 1 3 3 3 4 4 4
4 1892016 1 3 1 1 1 2 1 3 2 3 3 3 4 4 5
4 1892016 1 3 1 1 1 3 1 2 2 3 3 3 4 4 5
4 1896120 1 1 1 1 1 2 3 3 3 3 3 3 4 5 5
4 1896120 1 1 1 1 1 3 2 3 3 3 3 3 4 5 5
4 1896120 1 1 1 1 2 1 3 3 3 3 3 3 4 5 5
4 1924792 1 1 1 1 1 2 3 3 3 3 3 3 4 5 5
4 1924792 1 1 1 1 1 3 2 3 3 3 3 3 4 5 5
4 1924792 1 1 1 1 1 3 3 2 3 3 3 3 4 5 5
4 1924792 1 1 1 2 1 1 3 3 3 3 3 3 4 5 5
4 1924792 1 1 1 3 1 1 3 2 3 3 3 3 4 5 5
4 1924792 1 2 1 1 1 1 3 3 3 3 3 3 4 5 5
4 1924792 1 3 1 1 1 1 2 3 3 3 3 3 4 5 5
4 1924792 1 3 1 1 1 1 3 2 3 3 3 3 4 5 5
4 1953136 1 3 1 1 1 2 1 3 2 3 3 3 4 4 5
4 1953136 1 3 1 1 1 3 1 2 2 3 3 3 4 4 5
4 1955444 1 1 1 1 1 2 3 3 3 3 3 3 4 5 5
4 1955444 1 1 1 1 1 3 2 3 3 3 3 3 4 5 5
4 1955444 1 1 1 1 2 1 3 3 3 3 3 3 4 5 5
4 1955444 1 1 1 1 3 1 2 3 3 3 3 3 4 5 5
4 1957425 1 1 1 1 1 2 3 3 3 3 3 3 4 5 5
4 1957425 1 1 1 1 1 3 2 3 3 3 3 3 4 5 5
4 1957425 1 1 1 1 2 1 3 3 3 3 3 3 4 5 5
4 1957425 1 1 1 1 3 1 2 3 3 3 3 3 4 5 5
4 1957680 1 1 1 1 1 2 3 3 2 3 3 3 5 5 5
4 1957680 1 1 1 1 1 3 2 3 2 3 3 3 5 5 5
4 1961264 1 1 3 1 1 1 3 2 2 2 3 3 4 5 5
4 1963812 1 1 1 1 1 2 3 3 2 3 3 3 5 5 5
4 1963812 1 1 1 1 1 3 3 2 2 3 3 3 5 5 5
4 1990296 1 3 1 1 1 1 2 3 2 3 3 3 4 4 5
4 1990328 1 1 1 1 1 2 3 3 3 3 3 3 4 4 6
4 1990328 1 1 1 2 1 1 3 3 3 3 3 3 4 4 6
4 1990328 1 1 1 3 1 1 2 3 3 3 3 3 4 4 6
4 1990328 1 2 1 1 1 1 3 3 3 3 3 3 4 4 6
4 1990328 1 3 1 1 1 1 2 3 3 3 3 3 4 4 6
4 1990420 1 3 1 1 1 2 1 3 2 3 3 3 4 4 5
4 2020948 1 3 1 1 1 2 1 3 2 3 3 3 4 4 5
4 2020980 1 1 1 1 1 2 3 3 3 3 3 3 4 4 6
4 2020980 1 1 1 1 2 1 3 3 3 3 3 3 4 4 6
4 2020980 1 1 1 1 3 1 2 3 3 3 3 3 4 4 6
4 2022928 1 3 1 1 1 2 1 3 1 2 3 3 4 4 5
4 2022929 1 3 1 1 1 2 1 3 2 3 3 3 4 4 5
4 2022960 1 1 3 1 1 2 1 3 2 2 3 3 4 4 6
4 2022961 1 1 1 1 1 2 3 3 3 3 3 3 4 4 6
4 2022961 1 1 1 1 2 1 3 3 3 3 3 3 4 4 6
4 2022961 1 1 1 1 3 1 2 3 3 3 3 3 4 4 6
4 2023424 1 3 3 1 1 1 1 2 0 0 2 2 3 3 4
4 2026768 1 3 1 1 1 2 1 3 1 2 3 3 4 4 5
4 2026800 1 1 3 1 1 1 2 3 2 2 3 3 4 4 6
4 2027312 1 1 1 1 1 2 3 3 2 3 3 3 4 5 6
4 2027312 1 1 1 1 1 3 2 3 2 3 3 3 4 5 6
4 2027312 1 1 1 1 2 1 3 3 2 3 3 3 4 5 6
4 2027312 1 1 2 1 1 1 3 3 2 3 3 3 4 5 6
4 2027312 1 1 3 1 1 1 2 3 2 3 3 3 4 5 6
4 2027320 2 1 1 1 1 2 3 3 3 3 3 3 5 5 6
4 2028688 1 3 1 1 1 2 1 3 1 2 3 3 4 4 5
4 2028720 1 3 1 1 1 2 1 3 2 2 3 3 4 4 6
4 2047408 1 1 1 2 1 1 3 3 2 3 3 4 4 5 5
4 2047408 1 1 1 3 1 1 2 3 2 3 3 4 4 5 5
4 2047656 1 1 1 2 1 1 3 3 2 3 3 4 4 5 5
4 2047656 1 1 1 3 1 1 2 3 2 3 3 4 4 5 5
4 2055864 2 1 1 2 1 1 3 3 3 3 3 4 4 5 6
4 2058744 2 1 2 1 1 1 3 3 3 3 4 4 4 5 5
4 2059040 1 3 1 1 1 1 3 2 1 2 3 3 3 5 5
4 2059048 1 1 3 1 1 1 2 3 2 2 3 3 4 5 5
4 2059520 1 3 1 1 1 1 2 3 0 2 3 3 3 4 5
4 2059552 1 3 1 1 1 1 2 3 1 2 3 3 3 4 6
4 2059568 1 3 1 1 1 1 2 3 2 2 3 3 3 5 6
4 2060032 1 2 1 1 1 1 3 3 0 3 3 3 3 5 5
4 2060040 1 2 1 1 1 1 3 3 1 3 3 3 4 5 5
4 2060044 1 2 1 1 1 1 3 3 2 3 3 4 4 5 5
4 2060064 1 2 1 1 1 1 3 3 1 3 3 3 3 5 6
4 2060072 1 1 1 1 1 2 3 3 2 3 3 3 4 5 6
4 2060072 1 1 1 1 1 3 2 3 2 3 3 3 4 5 6
4 2060072 1 1 2 1 1 1 3 3 2 3 3 3 4 5 6
4 2060072 1 1 3 1 1 1 2 3 2 3 3 3 4 5 6
4 2060072 1 2 1 1 1 1 3 3 2 3 3 3 4 5 6
4 2060080 1 1 1 1 1 2 3 3 2 3 3 3 3 6 6
4 2060080 1 2 1 1 1 1 3 3 2 3 3 3 3 6 6
4 2060088 2 1 1 1 1 2 3 3 3 3 3 3 4 6 6
4 2060088 2 1 2 1 1 1 3 3 3 3 3 3 4 6 6
4 2060968 1 3 1 1 1 1 3 2 2 2 3 3 4 5 5
4 2062116 1 1 1 1 1 2 3 3 2 3 3 3 4 5 6
4 2062116 1 1 1 1 1 3 2 3 2 3 3 3 4 5 6
4 2062116 1 1 1 2 1 1 3 3 2 3 3 3 4 5 6
4 2062116 1 1 1 3 1 1 2 3 2 3 3 3 4 5 6
4 2062768 1 1 1 2 1 1 3 3 2 2 4 4 4 5 5
4 2062768 1 1 1 3 1 1 2 3 2 2 4 4 4 5 5
4 2063016 1 1 1 2 1 1 3 3 2 2 4 4 4 5 5
4 2063016 1 1 1 3 1 1 2 3 2 2 4 4 4 5 5
4 2063017 2 1 1 2 1 1 3 3 3 3 4 4 4 5 5
4 2063017 2 1 1 3 1 1 2 3 3 3 4 4 4 5 5
4 2063264 1 1 1 2 1 1 3 3 1 3 4 4 4 5 5
4 2063264 1 1 1 3 1 1 2 3 1 3 4 4 4 5 5
4 2063264 1 1 1 3 1 1 3 2 1 3 4 4 4 5 5
4 2063792 2 1 1 2 1 1 3 3 2 3 4 4 4 5 6
4 2063792 2 1 1 3 1 1 2 3 2 3 4 4 4 5 6
4 2064008 1 1 1 2 1 1 3 3 1 3 4 4 4 5 5
4 2064008 1 1 1 3 1 1 2 3 1 3 4 4 4 5 5
4 2064040 2 1 1 2 1 1 3 3 2 3 4 4 4 5 6
4 2064040 2 1 1 3 1 1 2 3 2 3 4 4 4 5 6
4 2064056 3 1 1 2 1 1 3 3 3 3 4 4 4 6 6
4 2067826 1 1 1 1 2 1 3 3 3 3 3 4 4 4 5
4 2067826 1 1 1 1 3 1 2 3 3 3 3 4 4 4 5
4 2067826 1 1 1 1 3 1 3 2 3 3 3 4 4 4 5
4 2071665 1 1 1 1 1 2 3 3 3 3 3 4 4 4 5
4 2071665 1 1 1 1 1 3 2 3 3 3 3 4 4 4 5
4 2071665 1 1 1 1 1 3 3 2 3 3 3 4 4 4 5
4 2071665 1 1 1 1 2 3 1 3 3 3 3 4 4 4 5
4 2071665 1 1 1 1 3 3 1 2 3 3 3 4 4 4 5
4 2071665 1 1 1 2 1 1 3 3 3 3 3 4 4 4 5
4 2071665 1 1 1 3 1 1 2 3 3 3 3 4 4 4 5
4 2072176 1 1 1 1 1 2 3 3 2 3 3 4 4 5 5
4 2072176 1 1 1 1 1 3 2 3 2 3 3 4 4 5 5
4 2072176 1 1 1 2 1 1 3 3 2 3 3 4 4 5 5
4 2072184 2 1 1 1 1 2 3 3 3 3 3 4 5 5 5
4 2072184 2 1 1 1 1 3 2 3 3 3 3 4 5 5 5
4 2076016 1 1 1 1 1 2 3 3 2 3 3 4 4 5 5
4 2076016 1 1 1 1 1 3 2 3 2 3 3 4 4 5 5
4 2076016 1 1 1 1 1 3 3 2 2 3 3 4 4 5 5
4 2076264 1 1 1 1 1 2 3 3 2 3 3 4 4 5 5
4 2076264 1 1 1 1 1 3 2 3 2 3 3 4 4 5 5
4 2076264 1 1 1 1 1 3 3 2 2 3 3 4 4 5 5
4 2076264 1 1 1 1 2 1 3 3 2 3 3 4 4 5 5
4 2076264 1 1 1 1 3 1 2 3 2 3 3 4 4 5 5
4 2076264 1 1 1 1 3 1 3 2 2 3 3 4 4 5 5
4 2076450 1 1 1 1 1 2 3 3 2 3 3 4 4 5 5
4 2076450 1 1 1 1 1 3 2 3 2 3 3 4 4 5 5
4 2076450 1 1 1 1 1 3 3 2 2 3 3 4 4 5 5
4 2076450 1 1 1 1 2 1 3 3 2 3 3 4 4 5 5
4 2076450 1 1 1 1 3 1 2 3 2 3 3 4 4 5 5
4 2076450 1 1 1 1 3 1 3 2 2 3 3 4 4 5 5
4 2078068 2 1 1 1 1 2 3 3 3 3 3 4 5 5 5
4 2078068 2 1 1 1 1 3 2 3 3 3 3 4 5 5 5
4 2080048 1 1 1 1 1 2 3 3 2 2 3 4 5 5 5
4 2080048 1 1 1 1 1 3 3 2 2 2 3 4 5 5 5
4 2080289 1 1 1 1 1 2 3 3 2 3 3 4 4 5 5
4 2080289 1 1 1 1 1 3 2 3 2 3 3 4 4 5 5
4 2080289 1 1 1 1 1 3 3 2 2 3 3 4 4 5 5
4 2080289 1 1 1 2 1 1 3 3 2 3 3 4 4 5 5
4 2080289 1 1 1 3 1 1 2 3 2 3 3 4 4 5 5
4 2080544 1 1 1 1 1 2 3 3 1 3 3 4 5 5 5
4 2080544 1 1 1 1 1 3 3 2 1 3 3 4 5 5 5
4 2080768 1 3 3 1 1 1 1 2 0 0 1 3 3 3 4
4 2080832 1 3 3 1 1 1 1 2 0 1 2 3 3 3 4
4 2083618 1 1 3 1 2 1 1 3 2 2 3 4 4 4 5
4 2084208 1 1 1 1 1 2 3 3 2 3 3 4 4 4 6
4 2084208 1 1 1 1 1 3 2 3 2 3 3 4 4 4 6
4 2084208 1 1 1 1 2 3 1 3 2 3 3 4 4 4 6
4 2084472 2 1 1 1 1 2 3 3 3 3 3 4 4 5 6
4 2084472 2 1 1 1 1 3 2 3 3 3 3 4 4 5 6
4 2084472 2 1 1 1 2 1 3 3 3 3 3 4 4 5 6
4 2084472 2 1 1 1 3 1 2 3 3 3 3 4 4 5 6
4 2084642 1 1 1 1 1 2 3 3 2 3 3 4 4 4 6
4 2084642 1 1 1 1 2 1 3 3 2 3 3 4 4 4 6
4 2084642 1 1 1 1 3 1 2 3 2 3 3 4 4 4 6
4 2084642 1 1 2 1 3 1 1 3 2 3 3 4 4 4 6
4 2084642 1 1 3 1 2 1 1 3 2 3 3 4 4 4 6
4 2088496 1 1 1 1 1 2 3 3 2 2 3 4 4 5 6
4 2088496 1 1 1 1 1 3 2 3 2 2 3 4 4 5 6
4 2088496 1 1 1 2 1 1 3 3 2 2 3 4 4 5 6
4 2088497 2 1 1 1 1 2 3 3 3 3 3 4 4 5 6
4 2088497 2 1 1 1 1 3 2 3 3 3 3 4 4 5 6
4 2088497 2 1 1 2 1 1 3 3 3 3 3 4 4 5 6
4 2088752 2 1 1 1 1 2 3 3 2 3 3 4 5 5 6
4 2088752 2 1 1 1 1 3 2 3 2 3 3 4 5 5 6
4 2090572 1 1 1 1 1 2 3 3 2 3 3 4 4 5 5
4 2090572 1 1 1 1 1 3 2 3 2 3 3 4 4 5 5
4 2090572 1 2 1 1 1 1 3 3 2 3 3 4 4 5 5
4 2090634 1 1 1 1 1 2 3 3 2 3 3 4 4 5 5
4 2090634 1 1 1 1 1 3 2 3 2 3 3 4 4 5 5
4 2090634 1 1 1 1 2 1 3 3 2 3 3 4 4 5 5
4 2090634 1 1 1 1 3 1 2 3 2 3 3 4 4 5 5
4 2092336 1 1 1 1 1 2 3 3 2 2 3 4 4 5 6
4 2092336 1 1 1 1 1 3 2 3 2 2 3 4 4 5 6
4 2092336 1 1 1 1 2 1 3 3 2 2 3 4 4 5 6
4 2092336 1 1 1 1 3 1 2 3 2 2 3 4 4 5 6
4 2092832 1 1 1 1 1 2 3 3 1 3 3 4 4 5 6
4 2092832 1 1 1 1 1 3 2 3 1 3 3 4 4 5 6
4 2092848 2 1 1 1 1 2 3 3 2 3 3 4 4 6 6
4 2092856 3 1 1 1 1 2 3 3 3 3 3 4 5 6 6
4 2093488 1 1 1 1 1 2 3 3 2 2 3 4 5 5 5
4 2093488 1 1 1 1 1 3 2 3 2 2 3 4 5 5 5
4 2093552 2 1 1 1 1 2 3 3 2 3 4 4 5 5 5
4 2093552 2 1 1 1 1 3 2 3 2 3 4 4 5 5 5
4 2093924 2 1 1 1 1 2 3 3 2 3 4 4 5 5 5
4 2093924 2 1 1 1 1 3 3 2 2 3 4 4 5 5 5
4 2094328 3 1 1 1 1 2 3 3 3 3 4 4 5 5 6
4 2094384 1 1 1 1 1 2 3 3 2 2 3 3 5 5 6
4 2094452 3 1 1 1 1 2 3 3 3 3 4 4 5 5 6
4 2094640 1 1 1 1 1 2 3 3 2 2 3 3 4 6 6
4 2094640 1 1 1 1 2 1 3 3 2 2 3 3 4 6 6
4 2094852 1 1 1 1 1 2 3 3 1 3 3 4 5 5 5
4 2094854 2 1 1 1 1 2 3 3 2 3 4 4 5 5 5
4 2094880 1 1 1 1 1 2 3 3 1 3 3 3 5 5 6
4 2094884 2 1 1 1 1 2 3 3 2 3 3 4 5 5 6
4 2094896 2 1 1 1 1 2 3 3 2 3 3 3 5 6 6
4 2094916 2 1 1 1 1 2 3 3 1 4 4 4 5 5 5
4 2094948 3 1 1 1 1 2 3 3 2 4 4 4 5 5 6
4 2094964 4 1 1 1 1 2 3 3 3 4 4 4 5 6 6
4 2095649 1 1 1 1 1 2 3 3 2 2 4 4 4 5 5
4 2095649 1 1 1 1 1 3 2 3 2 2 4 4 4 5 5
4 2095904 1 1 1 1 1 2 3 3 1 2 4 4 5 5 5
4 2095904 1 1 1 1 1 3 3 2 1 2 4 4 5 5 5
4 2095905 2 1 1 1 1 2 3 3 2 3 4 4 5 5 5
4 2095905 2 1 1 1 1 3 3 2 2 3 4 4 5 5 5
4 2096161 1 1 1 1 1 2 3 3 2 2 4 4 4 4 6
4 2096432 2 1 1 1 1 2 3 3 2 2 4 4 5 5 6
4 2096433 3 1 1 1 1 2 3 3 3 3 4 4 5 5 6
4 2096641 1 1 1 1 1 2 3 3 1 3 4 4 4 5 5
4 2096641 1 1 1 1 1 3 2 3 1 3 4 4 4 5 5
4 2096672 1 1 1 1 1 2 3 3 1 2 4 4 4 5 6
4 2096672 1 1 1 1 1 3 2 3 1 2 4 4 4 5 6
4 2096673 2 1 1 1 1 2 3 3 2 3 4 4 4 5 6
4 2096673 2 1 1 1 1 3 2 3 2 3 4 4 4 5 6
4 2096688 2 1 1 1 1 2 3 3 2 2 4 4 4 6 6
4 2096689 3 1 1 1 1 2 3 3 3 3 4 4 4 6 6
4 2096896 1 1 1 1 1 2 3 3 0 3 4 4 5 5 5
4 2096928 2 1 1 1 1 2 3 3 1 3 4 4 5 5 6
4 2096944 3 1 1 1 1 2 3 3 2 3 4 4 5 6 6
5 259964 2 2 2 2 3 1 1 1 4 4 4 4 4 4 4
5 261944 1 1 1 1 2 2 2 3 3 3 4 4 4 4 4
5 261944 1 1 1 1 3 2 2 2 3 3 4 4 4 4 4
5 261944 1 2 2 2 3 1 1 1 3 3 4 4 4 4 4
5 261944 1 2 3 2 2 1 1 1 3 3 4 4 4 4 4
5 458424 1 1 1 1 2 2 2 3 3 3 4 4 4 4 4
5 458424 1 1 1 1 2 3 2 2 3 3 4 4 4 4 4
5 458672 1 1 1 1 2 2 2 3 2 4 4 4 4 4 4
5 458672 1 1 1 1 2 3 2 2 2 4 4 4 4 4 4
5 521464 1 1 2 1 1 2 2 3 3 3 4 4 4 4 4
5 521464 1 1 2 1 1 2 3 2 3 3 4 4 4 4 4
5 521464 1 1 3 1 1 2 2 2 3 3 4 4 4 4 4
5 522016 1 3 1 1 1 2 2 2 1 3 3 3 4 4 4
5 522020 1 3 1 1 1 2 2 2 2 3 3 4 4 4 4
5 523569 1 1 1 1 2 2 2 3 3 3 4 4 4 4 4
5 523569 1 1 1 1 2 2 3 2 3 3 4 4 4 4 4
5 523569 1 1 1 1 3 2 2 2 3 3 4 4 4 4 4
5 753592 2 1 1 1 2 2 2 3 3 4 4 4 4 4 5
5 782136 1 1 1 1 2 2 2 3 3 3 3 4 4 4 5
5 782136 1 1 1 2 1 2 2 3 3 3 3 4 4 4 5
5 786224 1 1 1 1 2 2 2 3 2 3 4 4 4 4 5
5 913184 1 3 1 1 1 2 2 2 1 3 3 3 4 4 4
5 1007288 1 1 1 1 2 2 2 3 3 3 3 4 4 4 5
5 1011456 1 3 1 1 1 2 2 2 0 3 3 3 3 4 4
5 1011464 1 3 1 1 1 2 2 2 1 3 3 3 4 4 4
5 1011464 1 3 2 1 1 1 2 2 1 3 3 3 4 4 4
5 1013508 1 3 1 1 1 2 2 2 1 3 3 3 4 4 4
5 1014192 1 1 3 2 1 1 2 2 2 2 4 4 4 4 4
5 1014193 1 1 1 1 2 2 2 3 3 3 4 4 4 4 4
5 1014193 1 1 2 2 1 1 2 3 3 3 4 4 4 4 4
5 1014193 1 1 2 3 1 1 2 2 3 3 4 4 4 4 4
5 1014193 1 1 3 2 1 1 2 2 3 3 4 4 4 4 4
5 1014441 1 1 1 1 2 2 2 3 3 3 4 4 4 4 4
5 1015216 1 1 1 1 2 2 2 3 2 3 4 4 4 4 5
5 1015216 1 1 2 2 1 1 2 3 2 3 4 4 4 4 5
5 1015464 1 1 1 1 2 2 2 3 2 3 4 4 4 4 5
5 1015712 1 1 1 1 2 2 2 3 1 4 4 4 4 4 5
5 1023600 1 3 2 1 2 2 1 1 2 3 3 4 4 4 4
5 1027688 1 3 1 1 2 1 2 2 2 3 3 4 4 4 4
5 1035896 1 1 1 1 2 2 2 3 3 3 3 4 4 4 5
5 1035896 1 1 1 2 1 2 2 3 3 3 3 4 4 4 5
5 1035896 1 2 1 1 2 1 2 3 3 3 3 4 4 4 5
5 1039921 1 1 1 1 2 2 2 3 3 3 3 4 4 4 5
5 1039921 1 1 1 2 1 2 2 3 3 3 3 4 4 4 5
5 1041996 1 3 1 1 1 2 2 2 2 3 3 4 4 4 4
5 1042058 1 3 1 1 2 1 2 2 2 3 3 4 4 4 4
5 1043976 1 3 1 1 2 1 2 2 1 2 3 4 4 4 4
5 1046016 1 3 1 1 1 2 2 2 0 2 3 3 4 4 4
5 1048097 1 1 1 1 2 2 2 3 2 3 4 4 4 4 5
5 1308416 1 3 1 1 1 2 2 2 0 3 3 3 3 4 4
5 1308416 1 3 1 1 2 1 2 2 0 3 3 3 3 4 4
5 1308448 1 3 1 1 2 1 2 2 1 3 3 3 3 4 5
5 1308464 1 3 1 1 2 1 2 2 2 3 3 3 3 5 5
5 1502976 1 3 1 1 1 2 2 2 0 3 3 3 3 4 4
5 1502976 1 3 1 2 1 1 2 2 0 3 3 3 3 4 4
5 1503008 1 3 1 1 2 1 2 2 1 3 3 3 3 4 5
5 1503008 1 3 1 2 1 1 2 2 1 3 3 3 3 4 5
5 1503008 1 3 2 1 1 1 2 2 1 3 3 3 3 4 5
5 1503024 1 3 1 2 1 1 2 2 2 3 3 3 3 5 5
5 1503032 1 1 1 2 1 2 2 3 3 3 3 3 4 5 5
5 1503032 1 1 2 1 1 2 2 3 3 3 3 3 4 5 5
5 1539512 2 1 1 1 2 2 2 3 3 3 4 4 4 5 5
5 1540008 2 1 1 1 2 2 2 3 2 4 4 4 4 5 5
5 1564464 1 1 1 1 2 2 2 3 2 3 3 4 4 5 5
5 1568552 1 1 1 1 2 2 2 3 2 3 3 4 4 5 5
5 1568552 1 1 1 2 1 2 2 3 2 3 3 4 4 5 5
5 1569792 1 2 3 1 1 1 2 2 0 1 3 3 3 4 4
5 1569792 1 3 2 1 1 1 2 2 0 1 3 3 3 4 4
5 1569824 1 2 3 1 1 1 2 2 1 1 3 3 3 4 5
5 1570596 1 1 1 1 2 2 2 3 2 3 3 4 4 5 5
5 1572144 1 1 1 1 2 2 2 3 2 2 4 4 4 5 5
5 1572145 2 1 1 1 2 2 2 3 3 3 4 4 4 5 5
5 1572640 1 1 1 1 2 2 2 3 1 3 4 4 4 5 5
5 1695536 1 3 1 1 1 2 2 2 2 3 3 3 4 4 5
5 1701668 1 3 1 1 1 2 2 2 2 3 3 3 4 4 5
5 1736604 2 1 1 1 2 2 2 3 3 4 4 4 4 4 5
5 1736604 2 1 1 1 2 2 3 2 3 4 4 4 4 4 5
5 1736604 2 2 2 2 1 1 1 3 3 4 4 4 4 4 5
5 1736636 3 1 1 1 2 2 2 3 4 4 4 4 4 4 6
5 1752760 1 1 1 1 2 2 2 3 3 3 3 4 4 4 5
5 1752760 1 1 1 1 2 2 3 2 3 3 3 4 4 4 5
5 1752760 1 1 1 1 2 3 2 2 3 3 3 4 4 4 5
5 1765176 1 1 1 1 2 2 2 3 3 3 3 3 4 4 6
5 1765176 1 1 2 1 1 2 2 3 3 3 3 3 4 4 6
5 1768368 1 1 1 1 2 2 2 3 2 3 4 4 4 4 5
5 1768368 1 1 1 1 2 2 3 2 2 3 4 4 4 4 5
5 1768368 1 1 1 1 2 3 2 2 2 3 4 4 4 4 5
5 1769112 1 1 1 1 2 2 2 3 2 3 4 4 4 4 5
5 1769112 1 1 1 1 2 2 3 2 2 3 4 4 4 4 5
5 1769112 1 1 1 1 2 3 2 2 2 3 4 4 4 4 5
5 1769112 1 1 1 1 3 2 2 2 2 3 4 4 4 4 5
5 1769144 2 1 1 1 2 2 2 3 3 3 4 4 4 4 6
5 1769360 1 1 1 1 2 2 2 3 1 4 4 4 4 4 5
5 1769360 1 1 1 1 2 2 3 2 1 4 4 4 4 4 5
5 1769360 1 1 1 1 2 3 2 2 1 4 4 4 4 4 5
5 1769392 2 1 1 1 2 2 2 3 2 4 4 4 4 4 6
5 1797944 1 1 1 2 2 1 2 3 3 3 3 3 3 5 6
5 1797944 1 1 2 1 2 1 2 3 3 3 3 3 3 5 6
5 1797944 1 2 2 1 1 1 2 3 3 3 3 3 3 5 6
5 1810040 1 1 1 1 2 2 2 3 3 3 3 4 4 4 5
5 1810040 1 1 1 1 2 2 3 2 3 3 3 4 4 4 5
5 1810040 1 1 1 1 2 3 2 2 3 3 3 4 4 4 5
5 1810040 1 1 1 1 3 2 2 2 3 3 3 4 4 4 5
5 1810040 1 1 1 2 1 2 2 3 3 3 3 4 4 4 5
5 1815800 1 1 1 1 2 2 2 3 3 3 3 4 4 4 5
5 1815800 1 1 1 1 2 2 3 2 3 3 3 4 4 4 5
5 1815800 1 1 1 1 3 2 2 2 3 3 3 4 4 4 5
5 1815800 1 1 2 1 1 2 2 3 3 3 3 4 4 4 5
5 1815800 1 1 2 1 1 2 3 2 3 3 3 4 4 4 5
5 1815800 1 1 3 1 1 2 2 2 3 3 3 4 4 4 5
5 1815800 1 2 1 2 2 1 1 3 3 3 3 4 4 4 5
5 1815924 1 1 1 1 2 2 2 3 3 3 3 4 4 4 5
5 1815924 1 1 1 1 2 2 3 2 3 3 3 4 4 4 5
5 1815924 1 1 1 1 2 3 2 2 3 3 3 4 4 4 5
5 1815924 1 1 1 1 3 2 2 2 3 3 3 4 4 4 5
5 1815924 1 2 1 1 1 2 2 3 3 3 3 4 4 4 5
5 1815924 1 2 1 1 1 2 3 2 3 3 3 4 4 4 5
5 1815924 1 2 1 1 1 3 2 2 3 3 3 4 4 4 5
5 1815924 1 3 1 1 1 2 2 2 3 3 3 4 4 4 5
5 1817905 1 1 1 1 2 2 2 3 3 3 3 4 4 4 5
5 1817905 1 1 1 1 2 2 3 2 3 3 3 4 4 4 5
5 1817905 1 1 1 1 3 2 2 2 3 3 3 4 4 4 5
5 1817905 1 1 1 2 1 2 2 3 3 3 3 4 4 4 5
5 1826608 1 1 1 1 2 2 2 3 2 3 3 4 4 4 6
5 1826608 1 1 1 2 1 2 2 3 2 3 3 4 4 4 6
5 1830912 1 2 3 1 1 1 2 2 0 0 3 3 3 3 4
5 1831408 1 1 2 1 1 2 2 3 2 3 4 4 4 4 5
5 1831712 1 3 1 1 1 2 2 2 1 2 3 3 4 4 5
5 1831716 1 3 1 1 1 2 2 2 2 2 3 4 4 4 5
5 1832152 1 1 2 1 1 2 2 3 2 3 4 4 4 4 5
5 1832152 1 1 2 1 1 2 3 2 2 3 4 4 4 4 5
5 1832152 1 1 3 1 1 2 2 2 2 3 4 4 4 4 5
5 1832152 1 2 1 2 2 1 1 3 2 3 4 4 4 4 5
5 1832184 2 1 2 1 1 2 2 3 3 3 4 4 4 4 6
5 1832704 1 2 1 1 1 2 2 3 0 3 3 3 4 4 5
5 1832708 1 2 1 1 1 2 2 3 1 3 3 4 4 4 5
5 1832736 1 2 1 1 1 2 2 3 1 3 3 3 4 4 6
5 1832740 1 1 1 1 2 2 2 3 2 3 3 4 4 4 6
5 1832740 1 1 2 2 2 1 1 3 2 3 3 4 4 4 6
5 1832740 1 2 1 1 1 2 2 3 2 3 3 4 4 4 6
5 1833761 1 1 1 1 2 2 2 3 2 3 4 4 4 4 5
5 1833761 1 1 1 1 2 2 3 2 2 3 4 4 4 4 5
5 1833761 1 1 1 1 3 2 2 2 2 3 4 4 4 4 5
5 1833761 1 1 2 2 2 1 1 3 2 3 4 4 4 4 5
5 1834257 1 1 1 1 2 2 2 3 2 3 4 4 4 4 5
5 1834257 1 1 1 1 2 2 3 2 2 3 4 4 4 4 5
5 1834257 1 1 1 1 2 3 2 2 2 3 4 4 4 4 5
5 1834257 1 1 1 1 3 2 2 2 2 3 4 4 4 4 5
5 1834288 1 1 1 1 2 2 2 3 2 2 4 4 4 4 6
5 1834289 2 1 1 1 2 2 2 3 3 3 4 4 4 4 6
5 1834784 1 1 1 1 2 2 2 3 1 3 4 4 4 4 6
5 1834784 1 1 2 2 2 1 1 3 1 3 4 4 4 4 6
5 1883808 1 3 1 1 1 2 2 2 1 3 3 3 4 4 4
5 1883808 1 3 2 1 1 2 2 1 1 3 3 3 4 4 4
5 1892016 1 3 1 1 1 2 2 2 2 3 3 3 4 4 5
5 1892016 1 3 2 1 1 2 1 2 2 3 3 3 4 4 5
5 1896072 1 3 1 1 1 2 2 2 1 3 3 3 4 4 4
5 1896072 1 3 1 1 2 1 2 2 1 3 3 3 4 4 4
5 1896104 1 3 1 1 1 2 2 2 2 3 3 3 4 4 5
5 1896120 1 1 1 2 1 2 2 3 3 3 3 3 4 5 5
5 1896120 1 1 1 2 1 3 2 2 3 3 3 3 4 5 5
5 1896120 1 1 1 3 1 2 2 2 3 3 3 3 4 5 5
5 1896120 1 2 1 1 1 2 2 3 3 3 3 3 4 5 5
5 1896120 1 2 1 1 1 3 2 2 3 3 3 3 4 5 5
5 1896120 1 3 1 1 1 2 2 2 3 3 3 3 4 5 5
5 1896196 1 3 1 1 1 2 2 2 1 3 3 3 4 4 4
5 1896228 1 3 1 1 1 2 2 2 2 3 3 3 4 4 5
5 1924792 1 1 1 1 2 2 2 3 3 3 3 3 4 5 5
5 1924792 1 1 1 2 1 2 3 2 3 3 3 3 4 5 5
5 1924792 1 1 2 1 1 2 2 3 3 3 3 3 4 5 5
5 1924792 1 1 2 1 1 2 3 2 3 3 3 3 4 5 5
5 1924792 1 1 2 1 1 3 2 2 3 3 3 3 4 5 5
5 1924792 1 1 3 1 1 2 2 2 3 3 3 3 4 5 5
5 1924792 1 2 1 1 1 2 2 3 3 3 3 3 4 5 5
5 1924792 1 2 1 1 1 2 3 2 3 3 3 3 4 5 5
5 1924792 1 2 1 1 1 3 2 2 3 3 3 3 4 5 5
5 1924792 1 2 1 2 1 1 3 2 3 3 3 3 4 5 5
5 1924792 1 3 1 1 1 2 2 2 3 3 3 3 4 5 5
5 1948704 1 2 3 1 1 2 2 1 1 1 3 3 4 4 4
5 1953136 1 3 1 1 1 2 2 2 2 3 3 3 4 4 5
5 1953570 1 3 1 1 1 2 2 2 2 3 3 3 4 4 5
5 1955396 1 3 1 1 1 2 2 2 1 3 3 3 4 4 4
5 1955428 1 3 1 1 1 2 2 2 2 3 3 3 4 4 5
5 1955444 1 1 1 1 2 2 2 3 3 3 3 3 4 5 5
5 1955444 1 1 2 1 1 2 2 3 3 3 3 3 4 5 5
5 1955444 1 1 2 1 1 2 3 2 3 3 3 3 4 5 5
5 1955444 1 1 2 1 1 3 2 2 3 3 3 3 4 5 5
5 1955444 1 1 3 1 1 2 2 2 3 3 3 3 4 5 5
5 1955490 1 3 1 1 1 2 2 2 2 3 3 3 4 4 5
5 1957376 1 3 1 1 1 2 2 2 0 2 3 3 4 4 4
5 1957408 1 3 1 1 1 2 2 2 1 2 3 3 4 4 5
5 1957424 1 1 3 1 1 2 2 2 2 2 3 3 4 5 5
5 1957425 1 1 1 1 2 2 2 3 3 3 3 3 4 5 5
5 1957425 1 1 2 1 1 2 2 3 3 3 3 3 4 5 5
5 1957425 1 1 2 1 1 3 2 2 3 3 3 3 4 5 5
5 1957425 1 1 3 1 1 2 2 2 3 3 3 3 4 5 5
5 1957560 2 1 1 1 2 2 2 3 3 3 3 4 5 5 5
5 1957680 1 1 1 1 2 2 2 3 2 3 3 3 5 5 5
5 1957680 1 1 2 1 1 2 2 3 2 3 3 3 5 5 5
5 1957680 1 1 2 1 1 3 2 2 2 3 3 3 5 5 5
5 1957680 1 1 3 1 1 2 2 2 2 3 3 3 5 5 5
5 1957680 1 2 1 1 1 3 2 2 2 3 3 3 5 5 5
5 1961264 1 3 1 1 1 2 2 2 2 2 3 3 4 5 5
5 1961760 1 2 1 1 1 2 3 2 1 3 3 3 4 5 5
5 1963136 1 3 1 1 1 2 2 2 0 2 3 3 4 4 4
5 1963168 1 3 1 1 1 2 2 2 1 2 3 3 4 4 5
5 1963184 1 3 1 1 1 2 2 2 2 2 3 3 4 5 5
5 1963812 1 1 1 1 2 2 2 3 2 3 3 3 5 5 5
5 1963812 1 1 1 2 1 2 2 3 2 3 3 3 5 5 5
5 1963812 1 1 1 2 1 2 3 2 2 3 3 3 5 5 5
5 1963812 1 1 1 3 1 2 2 2 2 3 3 3 5 5 5
5 1965488 2 1 1 1 2 2 2 3 2 3 4 4 5 5 5
5 1965860 2 1 1 1 2 2 2 3 2 3 4 4 5 5 5
5 1965984 2 1 1 1 2 2 2 3 1 4 4 4 5 5 5
5 1990328 1 1 1 1 2 2 2 3 3 3 3 3 4 4 6
5 1990328 1 1 1 2 1 2 2 3 3 3 3 3 4 4 6
5 1990328 1 2 1 1 1 2 2 3 3 3 3 3 4 4 6
5 1990328 1 2 1 2 1 1 2 3 3 3 3 3 4 4 6
5 2020980 1 1 1 1 2 2 2 3 3 3 3 3 4 4 6
5 2020980 1 1 1 2 2 1 2 3 3 3 3 3 4 4 6
5 2022961 1 1 1 1 2 2 2 3 3 3 3 3 4 4 6
5 2022961 1 1 1 2 2 1 2 3 3 3 3 3 4 4 6
5 2026272 1 3 1 1 1 2 2 2 1 2 3 3 4 4 5
5 2027264 1 2 1 1 1 2 2 3 0 3 3 3 4 4 5
5 2027296 1 2 1 1 1 2 2 3 1 3 3 3 4 4 6
5 2027312 1 1 1 2 1 2 2 3 2 3 3 3 4 5 6
5 2027312 1 1 2 1 1 2 2 3 2 3 3 3 4 5 6
5 2027312 1 2 1 1 1 2 2 3 2 3 3 3 4 5 6
5 2027320 2 1 2 1 1 2 2 3 3 3 3 3 5 5 6
5 2028192 1 3 1 1 1 2 2 2 1 2 3 3 4 4 5
5 2047408 1 1 1 1 2 2 2 3 2 3 3 4 4 5 5
5 2047408 1 1 1 1 2 3 2 2 2 3 3 4 4 5 5
5 2047656 1 1 1 1 2 2 2 3 2 3 3 4 4 5 5
5 2047656 1 1 1 1 2 2 3 2 2 3 3 4 4 5 5
5 2047656 1 1 1 1 2 3 2 2 2 3 3 4 4 5 5
5 2047656 1 1 1 1 3 2 2 2 2 3 3 4 4 5 5
5 2055864 2 1 1 1 2 2 2 3 3 3 3 4 4 5 6
5 2058496 1 2 3 1 1 1 2 2 0 1 3 3 3 4 4
5 2058496 1 3 2 1 1 1 2 2 0 1 3 3 3 4 4
5 2060044 1 1 1 1 2 2 2 3 2 3 3 4 4 5 5
5 2060044 1 1 1 1 2 3 2 2 2 3 3 4 4 5 5
5 2060072 1 1 1 1 2 2 2 3 2 3 3 3 4 5 6
5 2060072 1 1 2 1 1 2 2 3 2 3 3 3 4 5 6
5 2060720 1 3 1 1 1 2 2 2 2 2 3 3 4 5 5
5 2062116 1 1 1 1 2 2 2 3 2 3 3 3 4 5 6
5 2062116 1 1 1 2 1 2 2 3 2 3 3 3 4 5 6
5 2062116 1 1 2 2 1 1 2 3 2 3 3 3 4 5 6
5 2062768 1 1 1 1 2 2 2 3 2 2 4 4 4 5 5
5 2062768 1 1 1 1 2 3 2 2 2 2 4 4 4 5 5
5 2062769 2 1 1 1 2 2 2 3 3 3 4 4 4 5 5
5 2062769 2 1 1 1 2 3 2 2 3 3 4 4 4 5 5
5 2063016 1 1 1 1 2 2 2 3 2 2 4 4 4 5 5
5 2063016 1 1 1 1 2 3 2 2 2 2 4 4 4 5 5
5 2063017 2 1 1 1 2 2 2 3 3 3 4 4 4 5 5
5 2063017 2 1 1 1 2 3 2 2 3 3 4 4 4 5 5
5 2063264 1 1 1 1 2 2 2 3 1 3 4 4 4 5 5
5 2063264 1 1 1 1 2 2 3 2 1 3 4 4 4 5 5
5 2063264 1 1 1 1 2 3 2 2 1 3 4 4 4 5 5
5 2063264 1 1 2 2 1 1 2 3 1 3 4 4 4 5 5
5 2063792 2 1 1 1 2 2 2 3 2 3 4 4 4 5 6
5 2064008 1 1 1 1 2 2 2 3 1 3 4 4 4 5 5
5 2064008 1 1 1 1 2 3 2 2 1 3 4 4 4 5 5
5 2064008 1 1 1 1 3 2 2 2 1 3 4 4 4 5 5
5 2064040 2 1 1 1 2 2 2 3 2 3 4 4 4 5 6
5 2064256 1 1 1 1 2 2 2 3 0 4 4 4 4 5 5
5 2064256 1 1 1 1 2 3 2 2 0 4 4 4 4 5 5
5 2064288 2 1 1 1 2 2 2 3 1 4 4 4 4 5 6
5 2064384 1 2 2 3 1 1 1 2 0 0 0 3 3 3 3
5 2067298 1 3 1 1 2 2 2 1 2 3 3 4 4 4 4
5 2067826 1 1 1 1 2 2 2 3 3 3 3 4 4 4 5
5 2067826 1 1 1 1 2 2 3 2 3 3 3 4 4 4 5
5 2067826 1 1 1 1 3 2 2 2 3 3 3 4 4 4 5
5 2067826 1 1 1 2 1 2 2 3 3 3 3 4 4 4 5
5 2067826 1 1 2 1 2 1 2 3 3 3 3 4 4 4 5
5 2067826 1 1 2 1 2 1 3 2 3 3 3 4 4 4 5
5 2067826 1 1 2 1 3 1 2 2 3 3 3 4 4 4 5
5 2067826 1 1 3 1 2 1 2 2 3 3 3 4 4 4 5
5 2071136 1 3 1 1 2 2 2 1 1 2 3 4 4 4 4
5 2071664 1 3 1 1 2 2 1 2 2 2 3 4 4 4 5
5 2071665 1 1 1 1 2 2 2 3 3 3 3 4 4 4 5
5 2071665 1 1 1 1 2 2 3 2 3 3 3 4 4 4 5
5 2071665 1 1 1 1 2 3 2 2 3 3 3 4 4 4 5
5 2071665 1 1 1 2 1 2 2 3 3 3 3 4 4 4 5
5 2071665 1 2 1 1 2 2 1 3 3 3 3 4 4 4 5
5 2071665 1 2 1 1 2 3 1 2 3 3 3 4 4 4 5
5 2071665 1 3 1 1 2 2 1 2 3 3 3 4 4 4 5
5 2072176 1 1 1 1 2 2 2 3 2 3 3 4 4 5 5
5 2072176 1 1 1 1 2 3 2 2 2 3 3 4 4 5 5
5 2072184 2 1 1 1 2 2 2 3 3 3 3 4 5 5 5
5 2072184 2 1 1 1 2 3 2 2 3 3 3 4 5 5 5
5 2072184 2 1 1 1 3 2 2 2 3 3 3 4 5 5 5
5 2076016 1 1 1 1 2 2 2 3 2 3 3 4 4 5 5
5 2076016 1 1 1 1 2 3 2 2 2 3 3 4 4 5 5
5 2076016 1 1 1 2 1 2 2 3 2 3 3 4 4 5 5
5 2076264 1 1 1 1 2 2 2 3 2 3 3 4 4 5 5
5 2076264 1 1 1 1 2 2 3 2 2 3 3 4 4 5 5
5 2076264 1 1 1 1 2 3 2 2 2 3 3 4 4 5 5
5 2076264 1 1 1 1 3 2 2 2 2 3 3 4 4 5 5
5 2076264 1 1 1 2 1 2 2 3 2 3 3 4 4 5 5
5 2076264 1 2 1 1 2 1 3 2 2 3 3 4 4 5 5
5 2076450 1 1 1 1 2 2 2 3 2 3 3 4 4 5 5
5 2076450 1 1 1 1 2 2 3 2 2 3 3 4 4 5 5
5 2076450 1 1 1 1 2 3 2 2 2 3 3 4 4 5 5
5 2076450 1 1 1 1 3 2 2 2 2 3 3 4 4 5 5
5 2076450 1 1 1 2 1 2 2 3 2 3 3 4 4 5 5
5 2076450 1 1 2 1 2 1 2 3 2 3 3 4 4 5 5
5 2076450 1 1 2 1 2 1 3 2 2 3 3 4 4 5 5
5 2076450 1 1 2 1 3 1 2 2 2 3 3 4 4 5 5
5 2076450 1 1 3 1 2 1 2 2 2 3 3 4 4 5 5
5 2078068 2 1 1 1 2 2 2 3 3 3 3 4 5 5 5
5 2078068 2 1 1 1 2 3 2 2 3 3 3 4 5 5 5
5 2078068 2 1 1 1 3 2 2 2 3 3 3 4 5 5 5
5 2078068 2 2 1 1 1 3 2 2 3 3 3 4 5 5 5
5 2080048 1 1 1 1 2 2 2 3 2 2 3 4 5 5 5
5 2080048 1 1 1 1 2 2 3 2 2 2 3 4 5 5 5
5 2080048 1 1 1 1 3 2 2 2 2 2 3 4 5 5 5
5 2080048 1 1 1 2 1 2 2 3 2 2 3 4 5 5 5
5 2080176 2 1 1 1 2 2 2 3 2 3 3 5 5 5 5
5 2080176 2 1 1 1 2 3 2 2 2 3 3 5 5 5 5
5 2080289 1 1 1 1 2 2 2 3 2 3 3 4 4 5 5
5 2080289 1 1 1 1 2 2 3 2 2 3 3 4 4 5 5
5 2080289 1 1 1 1 2 3 2 2 2 3 3 4 4 5 5
5 2080289 1 1 1 2 1 2 2 3 2 3 3 4 4 5 5
5 2080544 1 1 1 1 2 2 2 3 1 3 3 4 5 5 5
5 2080544 1 1 1 1 2 2 3 2 1 3 3 4 5 5 5
5 2080544 1 1 1 1 3 2 2 2 1 3 3 4 5 5 5
5 2080544 1 1 1 2 1 2 2 3 1 3 3 4 5 5 5
5 2080768 1 2 2 3 1 1 1 2 0 0 1 3 3 3 4
5 2080768 1 2 3 2 1 1 1 2 0 0 1 3 3 3 4
5 2083184 1 3 1 1 2 2 1 2 2 2 3 4 4 4 5
5 2084176 1 2 1 1 2 2 1 3 1 3 3 4 4 4 5
5 2084208 1 1 1 1 2 2 2 3 2 3 3 4 4 4 6
5 2084208 1 1 1 2 1 2 2 3 2 3 3 4 4 4 6
5 2084208 1 2 1 1 2 2 1 3 2 3 3 4 4 4 6
5 2084472 2 1 1 1 2 2 2 3 3 3 3 4 4 5 6
5 2084472 2 2 1 1 2 1 2 3 3 3 3 4 4 5 6
5 2084642 1 1 1 1 2 2 2 3 2 3 3 4 4 4 6
5 2084642 1 1 1 2 1 2 2 3 2 3 3 4 4 4 6
5 2084642 1 1 2 1 2 1 2 3 2 3 3 4 4 4 6
5 2088496 1 1 1 1 2 2 2 3 2 2 3 4 4 5 6
5 2088497 2 1 1 1 2 2 2 3 3 3 3 4 4 5 6
5 2088632 3 1 1 1 2 2 2 3 3 3 3 5 5 5 6
5 2088752 2 1 1 1 2 2 2 3 2 3 3 4 5 5 6
5 2088960 1 2 3 1 1 1 2 2 0 0 2 3 3 4 4
5 2090572 1 1 1 1 2 2 2 3 2 3 3 4 4 5 5
5 2090572 1 1 1 1 2 3 2 2 2 3 3 4 4 5 5
5 2090634 1 1 1 1 2 2 2 3 2 3 3 4 4 5 5
5 2090634 1 1 1 1 2 3 2 2 2 3 3 4 4 5 5
5 2090634 1 1 1 1 3 2 2 2 2 3 3 4 4 5 5
5 2090634 1 1 2 1 1 2 2 3 2 3 3 4 4 5 5
5 2090634 1 1 2 1 1 3 2 2 2 3 3 4 4 5 5
5 2090634 1 1 3 1 1 2 2 2 2 3 3 4 4 5 5
5 2092336 1 1 1 1 2 2 2 3 2 2 3 4 4 5 6
5 2092336 1 1 1 2 1 2 2 3 2 2 3 4 4 5 6
5 2092832 1 1 1 1 2 2 2 3 1 3 3 4 4 5 6
5 2092832 1 1 1 2 1 2 2 3 1 3 3 4 4 5 6
5 2093488 1 1 1 1 2 2 2 3 2 2 3 4 5 5 5
5 2093488 1 1 1 1 2 3 2 2 2 2 3 4 5 5 5
5 2093488 1 1 1 1 3 2 2 2 2 2 3 4 5 5 5
5 2094384 1 1 1 1 2 2 2 3 2 2 3 3 5 5 6
5 2094852 1 1 1 1 2 2 2 3 1 3 3 4 5 5 5
5 2094852 1 1 1 1 3 2 2 2 1 3 3 4 5 5 5
5 2094880 1 1 1 1 2 2 2 3 1 3 3 3 5 5 6
5 2094884 2 1 1 1 2 2 2 3 2 3 3 4 5 5 6
5 2095536 2 1 1 1 2 2 2 3 2 2 4 5 5 5 5
5 2095537 3 1 1 1 2 2 2 3 3 3 4 5 5 5 5
5 2095649 1 1 1 1 2 2 2 3 2 2 4 4 4 5 5
5 2095649 1 1 1 1 2 3 2 2 2 2 4 4 4 5 5
5 2095904 1 1 1 1 2 2 2 3 1 2 4 4 5 5 5
5 2095904 1 1 1 1 2 2 3 2 1 2 4 4 5 5 5
5 2095904 1 1 1 1 3 2 2 2 1 2 4 4 5 5 5
5 2095905 2 1 1 1 2 2 2 3 2 3 4 4 5 5 5
5 2095905 2 1 1 1 2 2 3 2 2 3 4 4 5 5 5
5 2095905 2 1 1 1 3 2 2 2 2 3 4 4 5 5 5
5 2096032 2 1 1 1 2 2 2 3 1 3 4 5 5 5 5
5 2096032 2 1 1 1 2 2 3 2 1 3 4 5 5 5 5
5 2096161 1 1 1 1 2 2 2 3 2 2 4 4 4 4 6
5 2096432 2 1 1 1 2 2 2 3 2 2 4 4 5 5 6
5 2096433 3 1 1 1 2 2 2 3 3 3 4 4 5 5 6
5 2096560 3 1 1 1 2 2 2 3 2 3 4 5 5 5 6
5 2096641 1 1 1 1 2 2 2 3 1 3 4 4 4 5 5
5 2096641 1 1 1 1 2 3 2 2 1 3 4 4 4 5 5
5 2096672 1 1 1 1 2 2 2 3 1 2 4 4 4 5 6
5 2096673 2 1 1 1 2 2 2 3 2 3 4 4 4 5 6
5 2096896 1 1 1 1 2 2 2 3 0 3 4 4 5 5 5
5 2096896 1 1 1 1 3 2 2 2 0 3 4 4 5 5 5
5 2096928 2 1 1 1 2 2 2 3 1 3 4 4 5 5 6
5 2097024 2 1 1 1 2 2 2 3 0 4 4 5 5 5 5
5 2097056 3 1 1 1 2 2 2 3 1 4 4 5 5 5 6
6 261944 1 1 1 2 2 2 2 2 3 3 4 4 4 4 4
6 458424 1 1 1 2 2 2 2 2 3 3 4 4 4 4 4
6 521464 1 1 1 2 2 2 2 2 3 3 4 4 4 4 4
6 521588 1 1 1 2 2 2 2 2 3 3 4 4 4 4 4
6 523569 1 1 1 2 2 2 2 2 3 3 4 4 4 4 4
6 1014193 1 1 1 2 2 2 2 2 3 3 4 4 4 4 4
6 1014441 1 1 1 2 2 2 2 2 3 3 4 4 4 4 4
6 1044224 1 2 1 1 2 2 2 2 0 3 3 4 4 4 4
6 1752760 1 1 2 1 2 2 2 2 3 3 3 4 4 4 5
6 1768368 1 1 1 2 2 2 2 2 2 3 4 4 4 4 5
6 1769112 1 1 1 2 2 2 2 2 2 3 4 4 4 4 5
6 1810040 1 1 2 1 2 2 2 2 3 3 3 4 4 4 5
6 1810040 1 2 1 1 2 2 2 2 3 3 3 4 4 4 5
6 1815800 1 1 2 1 2 2 2 2 3 3 3 4 4 4 5
6 1815800 1 2 1 1 2 2 2 2 3 3 3 4 4 4 5
6 1815924 1 1 2 1 2 2 2 2 3 3 3 4 4 4 5
6 1815924 1 2 1 1 2 2 2 2 3 3 3 4 4 4 5
6 1817905 1 1 2 1 2 2 2 2 3 3 3 4 4 4 5
6 1818400 1 2 1 1 2 2 2 2 1 3 3 4 4 4 5
6 1831408 1 1 1 2 2 2 2 2 2 3 4 4 4 4 5
6 1832152 1 1 1 2 2 2 2 2 2 3 4 4 4 4 5
6 1832276 1 1 1 2 2 2 2 2 2 3 4 4 4 4 5
6 1833761 1 1 1 2 2 2 2 2 2 3 4 4 4 4 5
6 1834257 1 1 1 2 2 2 2 2 2 3 4 4 4 4 5
6 1896120 1 1 2 2 1 2 2 2 3 3 3 3 4 5 5
6 1896120 1 2 1 2 1 2 2 2 3 3 3 3 4 5 5
6 1924792 1 2 2 1 1 2 2 2 3 3 3 3 4 5 5
6 1955444 1 2 2 1 1 2 2 2 3 3 3 3 4 5 5
6 1957425 1 2 2 1 1 2 2 2 3 3 3 3 4 5 5
6 1963812 1 1 2 2 1 2 2 2 2 3 3 3 5 5 5
6 2047408 1 2 1 1 2 2 2 2 2 3 3 4 4 5 5
6 2047656 1 1 2 1 2 2 2 2 2 3 3 4 4 5 5
6 2058744 2 1 1 2 2 2 2 2 3 3 4 4 4 5 5
6 2059116 2 1 1 2 2 2 2 2 3 3 4 4 4 5 5
6 2060044 1 1 1 2 2 2 2 2 2 3 3 4 4 5 5
6 2062768 1 1 1 2 2 2 2 2 2 2 4 4 4 5 5
6 2062769 2 1 1 2 2 2 2 2 3 3 4 4 4 5 5
6 2063016 1 1 1 2 2 2 2 2 2 2 4 4 4 5 5
6 2063017 2 1 1 2 2 2 2 2 3 3 4 4 4 5 5
6 2063264 1 1 1 2 2 2 2 2 1 3 4 4 4 5 5
6 2064008 1 1 1 2 2 2 2 2 1 3 4 4 4 5 5
6 2067826 1 1 2 1 2 2 2 2 3 3 3 4 4 4 5
6 2071665 1 1 2 1 2 2 2 2 3 3 3 4 4 4 5
6 2071665 1 2 1 1 2 2 2 2 3 3 3 4 4 4 5
6 2072128 1 2 1 1 2 2 2 2 0 3 3 4 4 4 4
6 2072160 1 2 1 1 2 2 2 2 1 3 3 4 4 4 5
6 2072176 1 1 2 1 2 2 2 2 2 3 3 4 4 5 5
6 2072176 1 2 1 1 2 2 2 2 2 3 3 4 4 5 5
6 2072184 2 2 1 1 2 2 2 2 3 3 3 4 5 5 5
6 2076016 1 2 1 1 2 2 2 2 2 3 3 4 4 5 5
6 2076264 1 1 2 1 2 2 2 2 2 3 3 4 4 5 5
6 2076450 1 1 2 1 2 2 2 2 2 3 3 4 4 5 5
6 2080289 1 1 2 1 2 2 2 2 2 3 3 4 4 5 5
6 2080544 1 1 2 1 2 2 2 2 1 3 3 4 5 5 5
6 2090572 1 1 1 2 2 2 2 2 2 3 3 4 4 5 5
6 2090634 1 1 1 2 2 2 2 2 2 3 3 4 4 5 5
6 2090634 1 1 2 1 2 2 2 2 2 3 3 4 4 5 5
6 2093056 1 2 2 1 1 2 2 2 0 0 3 3 4 4 4
6 2093488 1 1 1 2 2 2 2 2 2 2 3 4 5 5 5
6 2093552 2 1 1 2 2 2 2 2 2 3 4 4 5 5 5
6 2093924 2 1 1 2 2 2 2 2 2 3 4 4 5 5 5
6 2094852 1 1 1 2 2 2 2 2 1 3 3 4 5 5 5
6 2094854 2 1 1 2 2 2 2 2 2 3 4 4 5 5 5
6 2095536 2 1 1 2 2 2 2 2 2 2 4 5 5 5 5
6 2095537 3 1 1 2 2 2 2 2 3 3 4 5 5 5 5
6 2095600 3 1 1 2 2 2 2 2 2 3 5 5 5 5 5
6 2095649 1 1 1 2 2 2 2 2 2 2 4 4 4 5 5
6 2095904 1 1 1 2 2 2 2 2 1 2 4 4 5 5 5
6 2095905 2 1 1 2 2 2 2 2 2 3 4 4 5 5 5
6 2096032 2 1 1 2 2 2 2 2 1 3 4 5 5 5 5
6 2096641 1 1 1 2 2 2 2 2 1 3 4 4 4 5 5
6 2096896 1 1 1 2 2 2 2 2 0 3 4 4 5 5 5
