74207424 7 1 2 1 1 1 1 1 1 1 1 1 3 3 3 3 2 2 2 2 2 2
74207424 11 1 2 1 1 1 1 1 1 1 1 1 3 3 3 2 3 2 2 2 2 2
74207424 15 2 2 1 1 1 1 1 1 1 1 1 4 3 3 3 3 2 2 2 2 2
74207424 25 1 2 1 1 1 1 1 1 1 1 1 3 3 2 2 3 3 2 2 2 2
74207424 27 2 2 1 1 1 1 1 1 1 1 1 4 3 3 2 3 3 2 2 2 2
74207424 56 1 2 1 1 1 1 1 1 1 1 1 3 2 2 2 3 3 3 2 2 2
74207424 57 2 2 1 1 1 1 1 1 1 1 1 4 3 2 2 3 3 3 2 2 2
74207424 67 1 2 1 1 1 1 1 1 1 1 1 3 3 3 2 2 2 2 3 2 2
74207424 70 1 2 1 1 1 1 1 1 1 1 1 3 2 3 3 2 2 2 3 2 2
74207424 71 2 2 1 1 1 1 1 1 1 1 1 4 3 3 3 2 2 2 3 2 2
74207424 73 1 2 1 1 1 1 1 1 1 1 1 3 3 2 2 3 2 2 3 2 2
74207424 74 1 2 1 1 1 1 1 1 1 1 1 3 2 3 2 3 2 2 3 2 2
74207424 75 2 2 1 1 1 1 1 1 1 1 1 4 3 3 2 3 2 2 3 2 2
74207424 78 2 2 1 1 1 1 1 1 1 1 1 4 2 3 3 3 2 2 3 2 2
74207424 89 2 2 1 1 1 1 1 1 1 1 1 4 3 2 2 3 3 2 3 2 2
74207424 90 2 2 1 1 1 1 1 1 1 1 1 4 2 3 2 3 3 2 3 2 2
74207424 195 2 2 1 1 1 1 1 1 1 1 1 4 3 3 2 2 2 2 3 3 2
74207424 197 2 2 1 1 1 1 1 1 1 1 1 4 3 2 3 2 2 2 3 3 2
78012608 7 1 2 1 1 1 1 1 1 1 1 1 3 3 3 3 2 2 2 2 2 2
78012608 13 1 2 1 1 1 1 1 1 1 1 1 3 3 2 3 3 2 2 2 2 2
78012608 15 2 2 1 1 1 1 1 1 1 1 1 4 3 3 3 3 2 2 2 2 2
78012608 25 1 2 1 1 1 1 1 1 1 1 1 3 3 2 2 3 3 2 2 2 2
78012608 27 2 2 1 1 1 1 1 1 1 1 1 4 3 3 2 3 3 2 2 2 2
78012608 28 1 2 1 1 1 1 1 1 1 1 1 3 2 2 3 3 3 2 2 2 2
78012608 29 2 2 1 1 1 1 1 1 1 1 1 4 3 2 3 3 3 2 2 2 2
78012608 52 1 2 1 1 1 1 1 1 1 1 1 3 2 2 3 2 3 3 2 2 2
78012608 53 2 2 1 1 1 1 1 1 1 1 1 4 3 2 3 2 3 3 2 2 2
78012608 60 2 2 1 1 1 1 1 1 1 1 1 4 2 2 3 3 3 3 2 2 2
78012608 131 1 2 1 1 1 1 1 1 1 1 1 3 3 3 2 2 2 2 2 3 2
78012608 133 1 2 1 1 1 1 1 1 1 1 1 3 3 2 3 2 2 2 2 3 2
78012608 135 2 2 1 1 1 1 1 1 1 1 1 4 3 3 3 2 2 2 2 3 2
78012608 141 2 2 1 1 1 1 1 1 1 1 1 4 3 2 3 3 2 2 2 3 2
78012608 153 2 2 1 1 1 1 1 1 1 1 1 4 3 2 2 3 3 2 2 3 2
78012608 387 2 2 1 1 1 1 1 1 1 1 1 4 3 3 2 2 2 2 2 3 3
78270656 7 1 2 1 1 1 1 1 1 1 1 1 3 3 3 3 2 2 2 2 2 2
78270656 13 1 2 1 1 1 1 1 1 1 1 1 3 3 2 3 3 2 2 2 2 2
78270656 15 2 2 1 1 1 1 1 1 1 1 1 4 3 3 3 3 2 2 2 2 2
78270656 25 1 2 1 1 1 1 1 1 1 1 1 3 3 2 2 3 3 2 2 2 2
78270656 26 1 2 1 1 1 1 1 1 1 1 1 3 2 3 2 3 3 2 2 2 2
78270656 27 2 2 1 1 1 1 1 1 1 1 1 4 3 3 2 3 3 2 2 2 2
78270656 30 2 2 1 1 1 1 1 1 1 1 1 4 2 3 3 3 3 2 2 2 2
78270656 49 1 2 1 1 1 1 1 1 1 1 1 3 3 2 2 2 3 3 2 2 2
78270656 51 2 2 1 1 1 1 1 1 1 1 1 4 3 3 2 2 3 3 2 2 2
78270656 52 1 2 1 1 1 1 1 1 1 1 1 3 2 2 3 2 3 3 2 2 2
78270656 53 2 2 1 1 1 1 1 1 1 1 1 4 3 2 3 2 3 3 2 2 2
78270656 54 2 2 1 1 1 1 1 1 1 1 1 4 2 3 3 2 3 3 2 2 2
78270656 60 2 2 1 1 1 1 1 1 1 1 1 4 2 2 3 3 3 3 2 2 2
78270656 97 1 2 1 1 1 1 1 1 1 1 1 3 3 2 2 2 2 3 3 2 2
78270656 99 2 2 1 1 1 1 1 1 1 1 1 4 3 3 2 2 2 3 3 2 2
78270656 102 2 2 1 1 1 1 1 1 1 1 1 4 2 3 3 2 2 3 3 2 2
78270656 108 2 2 1 1 1 1 1 1 1 1 1 4 2 2 3 3 2 3 3 2 2
215490688 15 1 2 1 1 1 1 1 1 1 1 1 4 2 2 3 3 2 2 2 2 2
215490688 27 1 2 1 1 1 1 1 1 1 1 1 4 2 2 2 3 3 2 2 2 2
215490688 29 1 2 1 1 1 1 1 1 1 1 1 4 2 1 3 3 3 2 2 2 2
215490688 43 1 2 1 1 1 1 1 1 1 1 1 4 2 2 2 3 2 3 2 2 2
215490688 45 1 2 1 1 1 1 1 1 1 1 1 4 2 1 3 3 2 3 2 2 2
215490688 57 1 2 1 1 1 1 1 1 1 1 1 4 2 1 2 3 3 3 2 2 2
215490688 60 1 2 1 1 1 1 1 1 1 1 1 4 1 1 3 3 3 3 2 2 2
215490688 120 1 2 1 1 1 1 1 1 1 1 1 4 1 1 2 3 3 3 3 2 2
215490688 135 1 2 1 1 1 1 1 1 1 1 1 4 2 2 3 2 2 2 2 3 2
215490688 139 1 2 1 1 1 1 1 1 1 1 1 4 2 2 2 3 2 2 2 3 2
215490688 141 1 2 1 1 1 1 1 1 1 1 1 4 2 1 3 3 2 2 2 3 2
215490688 142 1 2 1 1 1 1 1 1 1 1 1 4 1 2 3 3 2 2 2 3 2
215490688 153 1 2 1 1 1 1 1 1 1 1 1 4 2 1 2 3 3 2 2 3 2
215490688 154 1 2 1 1 1 1 1 1 1 1 1 4 1 2 2 3 3 2 2 3 2
215490688 156 1 2 1 1 1 1 1 1 1 1 1 4 1 1 3 3 3 2 2 3 2
215490688 169 1 2 1 1 1 1 1 1 1 1 1 4 2 1 2 3 2 3 2 3 2
215490688 170 1 2 1 1 1 1 1 1 1 1 1 4 1 2 2 3 2 3 2 3 2
215490688 172 1 2 1 1 1 1 1 1 1 1 1 4 1 1 3 3 2 3 2 3 2
215490688 184 1 2 1 1 1 1 1 1 1 1 1 4 1 1 2 3 3 3 2 3 2
215490688 387 1 2 1 1 1 1 1 1 1 1 1 4 2 2 2 2 2 2 2 3 3
215490688 389 1 2 1 1 1 1 1 1 1 1 1 4 2 1 3 2 2 2 2 3 3
215490688 393 1 2 1 1 1 1 1 1 1 1 1 4 2 1 2 3 2 2 2 3 3
215490688 396 1 2 1 1 1 1 1 1 1 1 1 4 1 1 3 3 2 2 2 3 3
215490688 408 1 2 1 1 1 1 1 1 1 1 1 4 1 1 2 3 3 2 2 3 3
215490688 424 1 2 1 1 1 1 1 1 1 1 1 4 1 1 2 3 2 3 2 3 3
215506944 15 1 2 1 1 1 1 1 1 1 1 1 4 1 3 3 3 2 2 2 2 2
215506944 30 1 2 1 1 1 1 1 1 1 1 1 4 0 3 3 3 3 2 2 2 2
215506944 43 1 2 1 1 1 1 1 1 1 1 1 4 1 3 2 3 2 3 2 2 2
215506944 46 1 2 1 1 1 1 1 1 1 1 1 4 0 3 3 3 2 3 2 2 2
215506944 57 1 2 1 1 1 1 1 1 1 1 1 4 1 2 2 3 3 3 2 2 2
215506944 58 1 2 1 1 1 1 1 1 1 1 1 4 0 3 2 3 3 3 2 2 2
215506944 120 1 2 1 1 1 1 1 1 1 1 1 4 0 2 2 3 3 3 3 2 2
215506944 170 1 2 1 1 1 1 1 1 1 1 1 4 0 3 2 3 2 3 2 3 2
223101056 15 1 2 1 1 1 1 1 1 1 1 1 4 2 2 3 3 2 2 2 2 2
223101056 29 1 2 1 1 1 1 1 1 1 1 1 4 2 1 3 3 3 2 2 2 2
223101056 39 1 2 1 1 1 1 1 1 1 1 1 4 2 2 3 2 2 3 2 2 2
223101056 43 1 2 1 1 1 1 1 1 1 1 1 4 2 2 2 3 2 3 2 2 2
223101056 45 1 2 1 1 1 1 1 1 1 1 1 4 2 1 3 3 2 3 2 2 2
223101056 57 1 2 1 1 1 1 1 1 1 1 1 4 2 1 2 3 3 3 2 2 2
223101056 60 1 2 1 1 1 1 1 1 1 1 1 4 1 1 3 3 3 3 2 2 2
223101056 108 1 2 1 1 1 1 1 1 1 1 1 4 1 1 3 3 2 3 3 2 2
223101056 116 1 2 1 1 1 1 1 1 1 1 1 4 1 1 3 2 3 3 3 2 2
223101056 263 1 2 1 1 1 1 1 1 1 1 1 4 2 2 3 2 2 2 2 2 3
223101056 269 1 2 1 1 1 1 1 1 1 1 1 4 2 1 3 3 2 2 2 2 3
223101056 284 1 2 1 1 1 1 1 1 1 1 1 4 1 1 3 3 3 2 2 2 3
223101056 293 1 2 1 1 1 1 1 1 1 1 1 4 2 1 3 2 2 3 2 2 3
223101056 297 1 2 1 1 1 1 1 1 1 1 1 4 2 1 2 3 2 3 2 2 3
223101056 300 1 2 1 1 1 1 1 1 1 1 1 4 1 1 3 3 2 3 2 2 3
223101056 312 1 2 1 1 1 1 1 1 1 1 1 4 1 1 2 3 3 3 2 2 3
223617152 15 1 2 1 1 1 1 1 1 1 1 1 4 2 2 3 3 2 2 2 2 2
223617152 23 1 2 1 1 1 1 1 1 1 1 1 4 2 2 3 2 3 2 2 2 2
223617152 29 1 2 1 1 1 1 1 1 1 1 1 4 2 1 3 3 3 2 2 2 2
223617152 39 1 2 1 1 1 1 1 1 1 1 1 4 2 2 3 2 2 3 2 2 2
223617152 43 1 2 1 1 1 1 1 1 1 1 1 4 2 2 2 3 2 3 2 2 2
223617152 45 1 2 1 1 1 1 1 1 1 1 1 4 2 1 3 3 2 3 2 2 2
223617152 46 1 2 1 1 1 1 1 1 1 1 1 4 1 2 3 3 2 3 2 2 2
223617152 51 1 2 1 1 1 1 1 1 1 1 1 4 2 2 2 2 3 3 2 2 2
223617152 53 1 2 1 1 1 1 1 1 1 1 1 4 2 1 3 2 3 3 2 2 2
223617152 54 1 2 1 1 1 1 1 1 1 1 1 4 1 2 3 2 3 3 2 2 2
223617152 57 1 2 1 1 1 1 1 1 1 1 1 4 2 1 2 3 3 3 2 2 2
223617152 58 1 2 1 1 1 1 1 1 1 1 1 4 1 2 2 3 3 3 2 2 2
223617152 60 1 2 1 1 1 1 1 1 1 1 1 4 1 1 3 3 3 3 2 2 2
223617152 99 1 2 1 1 1 1 1 1 1 1 1 4 2 2 2 2 2 3 3 2 2
223617152 101 1 2 1 1 1 1 1 1 1 1 1 4 2 1 3 2 2 3 3 2 2
223617152 102 1 2 1 1 1 1 1 1 1 1 1 4 1 2 3 2 2 3 3 2 2
223617152 108 1 2 1 1 1 1 1 1 1 1 1 4 1 1 3 3 2 3 3 2 2
223617152 113 1 2 1 1 1 1 1 1 1 1 1 4 2 1 2 2 3 3 3 2 2
223617152 116 1 2 1 1 1 1 1 1 1 1 1 4 1 1 3 2 3 3 3 2 2
223617152 135 1 2 1 1 1 1 1 1 1 1 1 4 2 2 3 2 2 2 2 3 2
223617152 139 1 2 1 1 1 1 1 1 1 1 1 4 2 2 2 3 2 2 2 3 2
223617152 141 1 2 1 1 1 1 1 1 1 1 1 4 2 1 3 3 2 2 2 3 2
223617152 142 1 2 1 1 1 1 1 1 1 1 1 4 1 2 3 3 2 2 2 3 2
223617152 147 1 2 1 1 1 1 1 1 1 1 1 4 2 2 2 2 3 2 2 3 2
223617152 149 1 2 1 1 1 1 1 1 1 1 1 4 2 1 3 2 3 2 2 3 2
223617152 150 1 2 1 1 1 1 1 1 1 1 1 4 1 2 3 2 3 2 2 3 2
223617152 153 1 2 1 1 1 1 1 1 1 1 1 4 2 1 2 3 3 2 2 3 2
223617152 154 1 2 1 1 1 1 1 1 1 1 1 4 1 2 2 3 3 2 2 3 2
223617152 156 1 2 1 1 1 1 1 1 1 1 1 4 1 1 3 3 3 2 2 3 2
223617152 163 1 2 1 1 1 1 1 1 1 1 1 4 2 2 2 2 2 3 2 3 2
223617152 165 1 2 1 1 1 1 1 1 1 1 1 4 2 1 3 2 2 3 2 3 2
223617152 166 1 2 1 1 1 1 1 1 1 1 1 4 1 2 3 2 2 3 2 3 2
223617152 169 1 2 1 1 1 1 1 1 1 1 1 4 2 1 2 3 2 3 2 3 2
223617152 170 1 2 1 1 1 1 1 1 1 1 1 4 1 2 2 3 2 3 2 3 2
223617152 172 1 2 1 1 1 1 1 1 1 1 1 4 1 1 3 3 2 3 2 3 2
223617152 177 1 2 1 1 1 1 1 1 1 1 1 4 2 1 2 2 3 3 2 3 2
223617152 178 1 2 1 1 1 1 1 1 1 1 1 4 1 2 2 2 3 3 2 3 2
223617152 180 1 2 1 1 1 1 1 1 1 1 1 4 1 1 3 2 3 3 2 3 2
223617152 184 1 2 1 1 1 1 1 1 1 1 1 4 1 1 2 3 3 3 2 3 2
223617152 195 1 2 1 1 1 1 1 1 1 1 1 4 2 2 2 2 2 2 3 3 2
223617152 197 1 2 1 1 1 1 1 1 1 1 1 4 2 1 3 2 2 2 3 3 2
223617152 198 1 2 1 1 1 1 1 1 1 1 1 4 1 2 3 2 2 2 3 3 2
223617152 201 1 2 1 1 1 1 1 1 1 1 1 4 2 1 2 3 2 2 3 3 2
223617152 202 1 2 1 1 1 1 1 1 1 1 1 4 1 2 2 3 2 2 3 3 2
223617152 204 1 2 1 1 1 1 1 1 1 1 1 4 1 1 3 3 2 2 3 3 2
223617152 209 1 2 1 1 1 1 1 1 1 1 1 4 2 1 2 2 3 2 3 3 2
223617152 210 1 2 1 1 1 1 1 1 1 1 1 4 1 2 2 2 3 2 3 3 2
223617152 212 1 2 1 1 1 1 1 1 1 1 1 4 1 1 3 2 3 2 3 3 2
223617152 216 1 2 1 1 1 1 1 1 1 1 1 4 1 1 2 3 3 2 3 3 2
223617152 225 1 2 1 1 1 1 1 1 1 1 1 4 2 1 2 2 2 3 3 3 2
223617152 226 1 2 1 1 1 1 1 1 1 1 1 4 1 2 2 2 2 3 3 3 2
223617152 228 1 2 1 1 1 1 1 1 1 1 1 4 1 1 3 2 2 3 3 3 2
223617152 232 1 2 1 1 1 1 1 1 1 1 1 4 1 1 2 3 2 3 3 3 2
223617152 240 1 2 1 1 1 1 1 1 1 1 1 4 1 1 2 2 3 3 3 3 2
223617152 387 1 2 1 1 1 1 1 1 1 1 1 4 2 2 2 2 2 2 2 3 3
223617152 389 1 2 1 1 1 1 1 1 1 1 1 4 2 1 3 2 2 2 2 3 3
223617152 390 1 2 1 1 1 1 1 1 1 1 1 4 1 2 3 2 2 2 2 3 3
223617152 396 1 2 1 1 1 1 1 1 1 1 1 4 1 1 3 3 2 2 2 3 3
223617152 401 1 2 1 1 1 1 1 1 1 1 1 4 2 1 2 2 3 2 2 3 3
223617152 404 1 2 1 1 1 1 1 1 1 1 1 4 1 1 3 2 3 2 2 3 3
223617152 417 1 2 1 1 1 1 1 1 1 1 1 4 2 1 2 2 2 3 2 3 3
223617152 418 1 2 1 1 1 1 1 1 1 1 1 4 1 2 2 2 2 3 2 3 3
223617152 420 1 2 1 1 1 1 1 1 1 1 1 4 1 1 3 2 2 3 2 3 3
223617152 424 1 2 1 1 1 1 1 1 1 1 1 4 1 1 2 3 2 3 2 3 3
223617152 432 1 2 1 1 1 1 1 1 1 1 1 4 1 1 2 2 3 3 2 3 3
223617152 480 1 2 1 1 1 1 1 1 1 1 1 4 1 1 2 2 2 3 3 3 3
223633408 15 1 2 1 1 1 1 1 1 1 1 1 4 1 3 3 3 2 2 2 2 2
223633408 30 1 2 1 1 1 1 1 1 1 1 1 4 0 3 3 3 3 2 2 2 2
223633408 39 1 2 1 1 1 1 1 1 1 1 1 4 1 3 3 2 2 3 2 2 2
223633408 43 1 2 1 1 1 1 1 1 1 1 1 4 1 3 2 3 2 3 2 2 2
223633408 45 1 2 1 1 1 1 1 1 1 1 1 4 1 2 3 3 2 3 2 2 2
223633408 46 1 2 1 1 1 1 1 1 1 1 1 4 0 3 3 3 2 3 2 2 2
223633408 57 1 2 1 1 1 1 1 1 1 1 1 4 1 2 2 3 3 3 2 2 2
223633408 58 1 2 1 1 1 1 1 1 1 1 1 4 0 3 2 3 3 3 2 2 2
223633408 102 1 2 1 1 1 1 1 1 1 1 1 4 0 3 3 2 2 3 3 2 2
223633408 108 1 2 1 1 1 1 1 1 1 1 1 4 0 2 3 3 2 3 3 2 2
223633408 114 1 2 1 1 1 1 1 1 1 1 1 4 0 3 2 2 3 3 3 2 2
223633408 116 1 2 1 1 1 1 1 1 1 1 1 4 0 2 3 2 3 3 3 2 2
223633408 204 1 2 1 1 1 1 1 1 1 1 1 4 0 2 3 3 2 2 3 3 2
1292419200 15 1 2 1 1 1 1 1 1 1 1 1 4 2 2 3 3 2 2 2 2 2
1292419200 23 1 2 1 1 1 1 1 1 1 1 1 4 2 2 3 2 3 2 2 2 2
1292419200 29 1 2 1 1 1 1 1 1 1 1 1 4 2 1 3 3 3 2 2 2 2
1292419200 60 1 2 1 1 1 1 1 1 1 1 1 4 1 1 3 3 3 3 2 2 2
1292419200 113 1 2 1 1 1 1 1 1 1 1 1 4 2 1 2 2 3 3 3 2 2
1292419200 116 1 2 1 1 1 1 1 1 1 1 1 4 1 1 3 2 3 3 3 2 2
1292419200 263 1 2 1 1 1 1 1 1 1 1 1 4 2 2 3 2 2 2 2 2 3
1292419200 269 1 2 1 1 1 1 1 1 1 1 1 4 2 1 3 3 2 2 2 2 3
1292419200 277 1 2 1 1 1 1 1 1 1 1 1 4 2 1 3 2 3 2 2 2 3
1292419200 284 1 2 1 1 1 1 1 1 1 1 1 4 1 1 3 3 3 2 2 2 3
1292419200 368 1 2 1 1 1 1 1 1 1 1 1 4 1 1 2 2 3 3 3 2 3
1292419201 7 1 2 1 1 1 1 1 1 1 1 1 3 3 3 3 2 2 2 2 2 2
1292419201 15 2 2 1 1 1 1 1 1 1 1 1 4 3 3 3 3 2 2 2 2 2
1292419201 21 1 2 1 1 1 1 1 1 1 1 1 3 3 2 3 2 3 2 2 2 2
1292419201 23 2 2 1 1 1 1 1 1 1 1 1 4 3 3 3 2 3 2 2 2 2
1292419201 112 1 2 1 1 1 1 1 1 1 1 1 3 2 2 2 2 3 3 3 2 2
1292419201 113 2 2 1 1 1 1 1 1 1 1 1 4 3 2 2 2 3 3 3 2 2
1292935296 15 1 2 1 1 1 1 1 1 1 1 1 4 2 2 3 3 2 2 2 2 2
1292935296 23 1 2 1 1 1 1 1 1 1 1 1 4 2 2 3 2 3 2 2 2 2
1292935296 29 1 2 1 1 1 1 1 1 1 1 1 4 2 1 3 3 3 2 2 2 2
1292935296 51 1 2 1 1 1 1 1 1 1 1 1 4 2 2 2 2 3 3 2 2 2
1292935296 53 1 2 1 1 1 1 1 1 1 1 1 4 2 1 3 2 3 3 2 2 2
1292935296 54 1 2 1 1 1 1 1 1 1 1 1 4 1 2 3 2 3 3 2 2 2
1292935296 60 1 2 1 1 1 1 1 1 1 1 1 4 1 1 3 3 3 3 2 2 2
1292935296 113 1 2 1 1 1 1 1 1 1 1 1 4 2 1 2 2 3 3 3 2 2
1292935296 116 1 2 1 1 1 1 1 1 1 1 1 4 1 1 3 2 3 3 3 2 2
1292935296 135 1 2 1 1 1 1 1 1 1 1 1 4 2 2 3 2 2 2 2 3 2
1292935296 139 1 2 1 1 1 1 1 1 1 1 1 4 2 2 2 3 2 2 2 3 2
1292935296 141 1 2 1 1 1 1 1 1 1 1 1 4 2 1 3 3 2 2 2 3 2
1292935296 142 1 2 1 1 1 1 1 1 1 1 1 4 1 2 3 3 2 2 2 3 2
1292935296 147 1 2 1 1 1 1 1 1 1 1 1 4 2 2 2 2 3 2 2 3 2
1292935296 149 1 2 1 1 1 1 1 1 1 1 1 4 2 1 3 2 3 2 2 3 2
1292935296 150 1 2 1 1 1 1 1 1 1 1 1 4 1 2 3 2 3 2 2 3 2
1292935296 153 1 2 1 1 1 1 1 1 1 1 1 4 2 1 2 3 3 2 2 3 2
1292935296 154 1 2 1 1 1 1 1 1 1 1 1 4 1 2 2 3 3 2 2 3 2
1292935296 156 1 2 1 1 1 1 1 1 1 1 1 4 1 1 3 3 3 2 2 3 2
1292935296 177 1 2 1 1 1 1 1 1 1 1 1 4 2 1 2 2 3 3 2 3 2
1292935296 178 1 2 1 1 1 1 1 1 1 1 1 4 1 2 2 2 3 3 2 3 2
1292935296 180 1 2 1 1 1 1 1 1 1 1 1 4 1 1 3 2 3 3 2 3 2
1292935296 184 1 2 1 1 1 1 1 1 1 1 1 4 1 1 2 3 3 3 2 3 2
1292935296 240 1 2 1 1 1 1 1 1 1 1 1 4 1 1 2 2 3 3 3 3 2
1292935296 387 1 2 1 1 1 1 1 1 1 1 1 4 2 2 2 2 2 2 2 3 3
1292935296 389 1 2 1 1 1 1 1 1 1 1 1 4 2 1 3 2 2 2 2 3 3
1292935296 390 1 2 1 1 1 1 1 1 1 1 1 4 1 2 3 2 2 2 2 3 3
1292935296 396 1 2 1 1 1 1 1 1 1 1 1 4 1 1 3 3 2 2 2 3 3
1292935296 401 1 2 1 1 1 1 1 1 1 1 1 4 2 1 2 2 3 2 2 3 3
1292935296 404 1 2 1 1 1 1 1 1 1 1 1 4 1 1 3 2 3 2 2 3 3
1292935296 432 1 2 1 1 1 1 1 1 1 1 1 4 1 1 2 2 3 3 2 3 3
1292951552 15 1 2 1 1 1 1 1 1 1 1 1 4 1 3 3 3 2 2 2 2 2
1292951552 23 1 2 1 1 1 1 1 1 1 1 1 4 1 3 3 2 3 2 2 2 2
1292951552 29 1 2 1 1 1 1 1 1 1 1 1 4 1 2 3 3 3 2 2 2 2
1292951552 30 1 2 1 1 1 1 1 1 1 1 1 4 0 3 3 3 3 2 2 2 2
1292951552 51 1 2 1 1 1 1 1 1 1 1 1 4 1 3 2 2 3 3 2 2 2
1292951552 54 1 2 1 1 1 1 1 1 1 1 1 4 0 3 3 2 3 3 2 2 2
1292951552 60 1 2 1 1 1 1 1 1 1 1 1 4 0 2 3 3 3 3 2 2 2
1292951552 113 1 2 1 1 1 1 1 1 1 1 1 4 1 2 2 2 3 3 3 2 2
1292951552 114 1 2 1 1 1 1 1 1 1 1 1 4 0 3 2 2 3 3 3 2 2
1292951552 139 1 2 1 1 1 1 1 1 1 1 1 4 1 3 2 3 2 2 2 3 2
1292951552 142 1 2 1 1 1 1 1 1 1 1 1 4 0 3 3 3 2 2 2 3 2
1292951552 154 1 2 1 1 1 1 1 1 1 1 1 4 0 3 2 3 3 2 2 3 2
1326972929 15 1 2 1 1 1 1 1 1 1 1 1 4 2 2 3 3 2 2 2 2 2
1326972929 23 1 2 1 1 1 1 1 1 1 1 1 4 2 2 3 2 3 2 2 2 2
1326972929 29 1 2 1 1 1 1 1 1 1 1 1 4 2 1 3 3 3 2 2 2 2
1326972929 51 1 2 1 1 1 1 1 1 1 1 1 4 2 2 2 2 3 3 2 2 2
1326972929 53 1 2 1 1 1 1 1 1 1 1 1 4 2 1 3 2 3 3 2 2 2
1326972929 60 1 2 1 1 1 1 1 1 1 1 1 4 1 1 3 3 3 3 2 2 2
1326972929 113 1 2 1 1 1 1 1 1 1 1 1 4 2 1 2 2 3 3 3 2 2
1326972929 116 1 2 1 1 1 1 1 1 1 1 1 4 1 1 3 2 3 3 3 2 2
1326972929 135 1 2 1 1 1 1 1 1 1 1 1 4 2 2 3 2 2 2 2 3 2
1326972929 141 1 2 1 1 1 1 1 1 1 1 1 4 2 1 3 3 2 2 2 3 2
1326972929 149 1 2 1 1 1 1 1 1 1 1 1 4 2 1 3 2 3 2 2 3 2
1326972929 156 1 2 1 1 1 1 1 1 1 1 1 4 1 1 3 3 3 2 2 3 2
1326972929 180 1 2 1 1 1 1 1 1 1 1 1 4 1 1 3 2 3 3 2 3 2
1326972929 396 1 2 1 1 1 1 1 1 1 1 1 4 1 1 3 3 2 2 2 3 3
1379403808 15 1 2 1 1 1 1 1 1 1 1 1 4 2 2 3 3 2 2 2 2 2
1379403808 27 1 2 1 1 1 1 1 1 1 1 1 4 2 2 2 3 3 2 2 2 2
1379403808 29 1 2 1 1 1 1 1 1 1 1 1 4 2 1 3 3 3 2 2 2 2
1379403808 39 1 2 1 1 1 1 1 1 1 1 1 4 2 2 3 2 2 3 2 2 2
1379403808 45 1 2 1 1 1 1 1 1 1 1 1 4 2 1 3 3 2 3 2 2 2
1379403808 46 1 2 1 1 1 1 1 1 1 1 1 4 1 2 3 3 2 3 2 2 2
1379403808 57 1 2 1 1 1 1 1 1 1 1 1 4 2 1 2 3 3 3 2 2 2
1379403808 58 1 2 1 1 1 1 1 1 1 1 1 4 1 2 2 3 3 3 2 2 2
1379403808 60 1 2 1 1 1 1 1 1 1 1 1 4 1 1 3 3 3 3 2 2 2
1379403808 99 1 2 1 1 1 1 1 1 1 1 1 4 2 2 2 2 2 3 3 2 2
1379403808 101 1 2 1 1 1 1 1 1 1 1 1 4 2 1 3 2 2 3 3 2 2
1379403808 108 1 2 1 1 1 1 1 1 1 1 1 4 1 1 3 3 2 3 3 2 2
1379403808 120 1 2 1 1 1 1 1 1 1 1 1 4 1 1 2 3 3 3 3 2 2
1379403808 149 1 2 1 1 1 1 1 1 1 1 1 4 2 1 3 2 3 2 2 3 2
1379403808 156 1 2 1 1 1 1 1 1 1 1 1 4 1 1 3 3 3 2 2 3 2
1379403808 180 1 2 1 1 1 1 1 1 1 1 1 4 1 1 3 2 3 3 2 3 2
1452802049 15 1 2 1 1 1 1 1 1 1 1 1 4 2 2 3 3 2 2 2 2 2
1452802049 27 1 2 1 1 1 1 1 1 1 1 1 4 2 2 2 3 3 2 2 2 2
1452802049 29 1 2 1 1 1 1 1 1 1 1 1 4 2 1 3 3 3 2 2 2 2
1452802049 51 1 2 1 1 1 1 1 1 1 1 1 4 2 2 2 2 3 3 2 2 2
1452802049 53 1 2 1 1 1 1 1 1 1 1 1 4 2 1 3 2 3 3 2 2 2
1452802049 60 1 2 1 1 1 1 1 1 1 1 1 4 1 1 3 3 3 3 2 2 2
1452802049 101 1 2 1 1 1 1 1 1 1 1 1 4 2 1 3 2 2 3 3 2 2
1452802049 105 1 2 1 1 1 1 1 1 1 1 1 4 2 1 2 3 2 3 3 2 2
1452802049 108 1 2 1 1 1 1 1 1 1 1 1 4 1 1 3 3 2 3 3 2 2
1452802049 120 1 2 1 1 1 1 1 1 1 1 1 4 1 1 2 3 3 3 3 2 2
1452802049 204 1 2 1 1 1 1 1 1 1 1 1 4 1 1 3 3 2 2 3 3 2
