0 1728184 1 1 1 1 1 1 1 5 3 3 3 3 3 3 6
0 1760817 1 1 1 1 1 1 1 5 3 3 3 3 3 3 6
1 122672 1 4 1 1 1 2 1 1 2 3 3 3 3 3 3
1 192312 1 1 4 1 1 1 1 2 3 3 3 3 3 3 4
1 380706 1 4 1 1 1 1 2 1 2 3 3 3 3 3 3
1 384544 1 4 1 1 1 2 1 1 1 2 3 3 3 3 3
1 417464 1 1 1 1 1 1 4 2 3 3 3 3 3 3 4
1 417464 1 4 1 1 1 1 1 2 3 3 3 3 3 3 4
1 448116 1 1 1 1 1 1 4 2 3 3 3 3 3 3 4
1 450097 1 1 1 1 1 1 4 2 3 3 3 3 3 3 4
1 453904 1 4 1 1 2 1 1 1 1 2 3 3 3 3 3
1 513536 1 4 1 1 2 1 1 1 0 2 2 3 3 3 3
1 715568 1 1 4 1 1 1 1 2 2 2 3 3 3 3 4
1 715568 1 4 1 1 1 1 1 2 2 2 3 3 3 3 4
1 716560 2 4 1 1 1 1 1 2 1 3 3 3 3 3 4
1 748328 1 1 4 1 1 1 1 2 2 2 3 3 3 3 4
1 749368 1 1 1 1 1 1 2 4 3 3 3 3 3 4 5
1 750000 1 4 1 1 1 1 1 2 2 2 3 3 3 3 4
1 750248 1 1 4 1 1 1 1 2 2 2 3 3 3 3 4
1 750372 1 1 4 1 1 1 1 2 2 2 3 3 3 3 4
1 775696 1 4 1 1 1 1 1 2 1 2 2 3 3 3 4
1 782880 1 1 4 1 1 1 1 2 1 1 3 3 3 3 4
1 782881 1 1 4 1 1 1 1 2 2 2 3 3 3 3 4
1 1002768 1 4 1 1 1 1 1 2 1 2 2 3 3 3 4
1 1025088 1 4 1 1 1 2 1 1 0 2 2 3 3 3 3
1 1033296 1 4 1 1 1 1 1 2 1 2 2 3 3 3 4
1 1466040 1 1 1 1 1 1 2 4 3 3 3 3 3 4 5
1 1496692 1 1 1 1 1 1 2 4 3 3 3 3 3 4 5
1 1498673 1 1 1 1 1 1 2 4 3 3 3 3 3 4 5
1 1693184 1 4 1 1 1 1 1 2 0 2 2 2 3 3 4
1 1727128 1 1 4 1 1 1 1 2 2 2 3 3 3 3 4
1 1728184 1 1 1 1 1 1 2 4 3 3 3 3 3 3 6
1 1744400 1 4 1 1 1 1 1 2 1 2 2 3 3 3 4
1 1747744 1 4 1 1 1 1 1 2 1 2 2 3 3 3 4
1 1748240 1 4 1 1 1 1 1 2 1 2 2 3 3 3 4
1 1748488 1 4 1 1 1 1 1 2 1 2 2 3 3 3 4
1 1759760 1 1 4 1 1 1 1 2 1 1 3 3 3 3 4
1 1759761 1 1 4 1 1 1 1 2 2 2 3 3 3 3 4
1 1760817 1 1 1 1 1 1 2 4 3 3 3 3 3 3 6
1 1761496 1 1 4 1 1 1 1 2 2 2 3 3 3 3 4
1 1761682 1 1 4 1 1 1 1 2 2 2 3 3 3 3 4
1 1763600 1 1 4 1 1 1 1 2 1 1 3 3 3 3 4
1 1763601 1 1 4 1 1 1 1 2 2 2 3 3 3 3 4
1 1764096 2 4 1 1 1 1 1 2 0 2 3 3 3 3 4
1 1765120 1 2 1 1 1 1 1 4 0 3 3 3 3 3 5
1 1765152 1 2 1 1 1 1 1 4 1 3 3 3 3 3 6
1 1765168 1 1 1 1 1 1 2 4 2 3 3 3 3 4 6
1 1797928 1 1 1 1 1 1 2 4 2 3 3 3 3 4 6
1 1799972 1 1 1 1 1 1 2 4 2 3 3 3 3 4 6
1 1806944 1 4 1 1 1 1 1 2 1 2 2 3 3 3 4
1 1807440 1 4 1 1 1 1 1 2 1 2 2 3 3 3 4
1 1807874 1 4 1 1 1 1 1 2 1 2 2 3 3 3 4
1 1815552 1 4 1 1 1 1 1 2 0 1 2 3 3 3 4
1 1815553 1 4 1 1 1 1 1 2 1 2 2 3 3 3 4
1 1823232 1 4 1 1 1 1 1 2 0 1 2 3 3 3 4
1 1830912 1 1 4 1 1 1 1 2 0 0 3 3 3 3 4
1 1830913 1 1 4 1 1 1 1 2 1 1 3 3 3 3 4
1 1887744 1 4 1 1 1 1 1 2 0 2 2 2 3 3 4
1 1950784 1 4 1 1 1 1 1 2 0 2 2 2 3 3 4
1 2065474 1 4 1 1 1 1 1 2 1 2 2 3 3 3 4
1 2080832 1 4 1 1 1 1 1 2 0 1 2 3 3 3 4
2 716560 1 3 1 1 1 1 1 3 1 3 3 3 3 3 4
2 716592 1 3 1 1 1 1 1 3 2 3 3 3 3 3 5
2 749368 1 1 1 1 1 1 3 3 3 3 3 3 3 4 5
2 1011504 1 1 1 1 1 1 3 3 2 3 3 3 3 5 5
2 1466040 1 1 1 1 1 1 3 3 3 3 3 3 3 4 5
2 1496692 1 1 1 1 1 1 3 3 3 3 3 3 3 4 5
2 1498673 1 1 1 1 1 1 3 3 3 3 3 3 3 4 5
2 1503024 1 1 1 1 1 1 3 3 2 3 3 3 3 5 5
2 1535784 1 1 1 1 1 1 3 3 2 3 3 3 3 5 5
2 1537828 1 1 1 1 1 1 3 3 2 3 3 3 3 5 5
2 1728152 1 3 1 1 1 1 1 3 2 3 3 3 3 3 5
2 1760784 1 3 1 1 1 1 1 3 1 2 3 3 3 3 5
2 1760785 1 3 1 1 1 1 1 3 2 3 3 3 3 3 5
2 1764096 1 3 1 1 1 1 1 3 0 2 3 3 3 3 4
2 1764128 1 3 1 1 1 1 1 3 1 2 3 3 3 3 5
2 1764624 1 3 1 1 1 1 1 3 1 2 3 3 3 3 5
2 1765120 2 3 1 1 1 1 1 3 0 3 3 3 3 3 5
2 1824256 1 3 1 1 1 1 1 3 0 2 2 3 3 3 5
2 1831936 1 3 1 1 1 1 1 3 0 1 3 3 3 3 5
2 1831937 1 3 1 1 1 1 1 3 1 2 3 3 3 3 5
2 2057804 1 1 1 1 1 1 3 3 2 3 3 3 3 5 5
2 2081856 1 3 1 1 1 1 1 3 0 2 2 3 3 3 5
3 259840 1 3 1 1 2 1 1 2 0 3 3 3 3 3 3
3 259872 1 3 1 1 2 1 1 2 1 3 3 3 3 3 4
3 259896 1 1 1 1 1 2 2 3 3 3 3 3 4 4 4
3 454400 1 3 1 1 1 1 2 2 0 3 3 3 3 3 3
3 454400 1 3 1 1 2 2 1 1 0 3 3 3 3 3 3
3 454432 1 3 1 1 1 1 2 2 1 3 3 3 3 3 4
3 454432 1 3 2 1 1 1 1 2 1 3 3 3 3 3 4
3 454448 1 3 1 1 1 1 2 2 2 3 3 3 3 4 4
3 454456 1 1 1 1 1 2 2 3 3 3 3 3 4 4 4
3 454456 1 1 1 1 1 2 3 2 3 3 3 3 4 4 4
3 487208 1 3 1 1 1 1 2 2 2 3 3 3 3 4 4
3 489252 1 3 1 1 1 1 2 2 2 3 3 3 3 4 4
3 521216 1 2 3 1 1 1 2 1 0 1 3 3 3 3 3
3 521216 1 3 2 1 1 1 2 1 0 1 3 3 3 3 3
3 521760 1 3 1 1 1 1 2 2 1 2 3 3 3 4 4
3 716560 1 3 1 1 1 1 2 2 1 3 3 3 3 3 4
3 716560 1 3 1 1 1 2 1 2 1 3 3 3 3 3 4
3 716560 1 3 1 2 1 1 1 2 1 3 3 3 3 3 4
3 749320 1 3 1 1 1 1 2 2 1 3 3 3 3 3 4
3 749320 1 3 1 1 2 1 1 2 1 3 3 3 3 3 4
3 749320 1 3 2 1 1 1 1 2 1 3 3 3 3 3 4
3 749368 1 1 1 1 1 2 2 3 3 3 3 3 3 4 5
3 749368 1 1 1 1 2 1 2 3 3 3 3 3 3 4 5
3 749368 1 1 2 1 1 1 2 3 3 3 3 3 3 4 5
3 751364 1 3 1 1 1 1 2 2 1 3 3 3 3 3 4
3 751364 1 3 1 1 2 1 1 2 1 3 3 3 3 3 4
3 751364 1 3 1 2 1 1 1 2 1 3 3 3 3 3 4
3 782880 1 2 3 1 1 1 1 2 1 1 3 3 3 3 4
3 782880 1 3 2 1 1 1 1 2 1 1 3 3 3 3 4
3 783872 1 2 3 1 1 1 1 2 0 2 3 3 3 3 4
3 783872 1 3 1 1 1 1 2 2 0 2 3 3 3 3 4
3 783872 1 3 1 1 2 1 1 2 0 2 3 3 3 3 4
3 783872 1 3 2 1 1 1 1 2 0 2 3 3 3 3 4
3 784176 1 1 1 1 1 2 2 3 2 3 3 3 4 4 5
3 847544 1 1 1 1 1 2 2 3 3 3 3 3 4 4 4
3 847544 1 1 1 1 1 3 2 2 3 3 3 3 4 4 4
3 876216 1 1 1 1 1 2 2 3 3 3 3 3 4 4 4
3 876216 1 1 1 1 1 2 3 2 3 3 3 3 4 4 4
3 876216 1 1 1 1 1 3 2 2 3 3 3 3 4 4 4
3 906868 1 1 1 1 1 2 2 3 3 3 3 3 4 4 4
3 906868 1 1 1 1 1 3 2 2 3 3 3 3 4 4 4
3 908849 1 1 1 1 1 2 2 3 3 3 3 3 4 4 4
3 908849 1 1 1 1 1 3 2 2 3 3 3 3 4 4 4
3 978736 1 1 1 1 1 2 2 3 2 3 3 3 4 4 5
3 1009228 1 3 1 1 1 1 2 2 2 3 3 3 3 4 4
3 1010464 1 3 1 1 1 1 2 2 1 2 3 3 3 4 4
3 1010944 1 3 1 1 1 1 2 2 0 2 3 3 3 3 4
3 1010944 1 3 1 1 1 2 1 2 0 2 3 3 3 3 4
3 1010944 1 3 1 1 2 1 1 2 0 2 3 3 3 3 4
3 1011208 1 3 1 1 1 1 2 2 1 2 3 3 3 4 4
3 1011456 1 2 1 1 1 1 2 3 0 3 3 3 3 4 4
3 1011456 2 3 1 1 1 1 2 2 0 3 3 3 3 4 4
3 1011488 1 2 1 1 1 1 2 3 1 3 3 3 3 4 5
3 1011496 1 1 1 1 1 2 2 3 2 3 3 3 4 4 5
3 1013540 1 1 1 1 1 2 2 3 2 3 3 3 4 4 5
3 1040384 1 2 3 1 1 2 1 1 0 0 2 3 3 3 3
3 1041920 1 3 1 1 1 1 2 2 0 2 2 3 3 4 4
3 1175336 1 3 1 1 1 1 2 2 2 3 3 3 3 4 4
3 1240888 1 1 1 1 1 2 2 3 3 3 3 3 3 4 5
3 1240888 1 1 1 1 2 1 2 3 3 3 3 3 3 4 5
3 1240888 1 1 2 1 1 1 2 3 3 3 3 3 3 4 5
3 1275660 1 3 1 1 1 1 2 2 2 3 3 3 3 4 4
3 1308168 1 3 1 1 1 1 2 2 1 2 3 3 3 4 4
3 1400240 1 3 1 1 1 1 2 2 2 3 3 3 3 4 4
3 1400488 1 3 1 1 1 1 2 2 2 3 3 3 3 4 4
3 1428848 1 3 1 1 1 1 2 2 2 3 3 3 3 4 4
3 1429096 1 3 1 1 1 1 2 2 2 3 3 3 3 4 4
3 1429282 1 3 1 1 1 1 2 2 2 3 3 3 3 4 4
3 1433120 1 3 1 1 1 1 2 2 1 2 3 3 3 4 4
3 1433121 1 3 1 1 1 1 2 2 2 3 3 3 3 4 4
3 1436960 1 3 1 1 1 1 2 2 1 2 3 3 3 4 4
3 1466040 1 1 1 1 1 2 2 3 3 3 3 3 3 4 5
3 1466040 1 1 1 1 2 1 2 3 3 3 3 3 3 4 5
3 1466040 1 1 1 2 1 1 2 3 3 3 3 3 3 4 5
3 1466040 1 1 2 1 1 1 2 3 3 3 3 3 3 4 5
3 1466040 1 2 1 1 1 1 2 3 3 3 3 3 3 4 5
3 1470220 1 3 1 1 1 1 2 2 2 3 3 3 3 4 4
3 1496692 1 1 1 1 1 2 2 3 3 3 3 3 3 4 5
3 1496692 1 1 1 1 2 1 2 3 3 3 3 3 3 4 5
3 1496692 1 1 2 1 1 1 2 3 3 3 3 3 3 4 5
3 1498673 1 1 1 1 1 2 2 3 3 3 3 3 3 4 5
3 1498673 1 1 1 1 2 1 2 3 3 3 3 3 3 4 5
3 1498673 1 1 2 1 1 1 2 3 3 3 3 3 3 4 5
3 1500748 1 3 1 1 1 1 2 2 2 3 3 3 3 4 4
3 1500810 1 3 1 1 1 1 2 2 2 3 3 3 3 4 4
3 1501984 1 3 1 1 1 1 2 2 1 2 3 3 3 4 4
3 1502480 1 3 1 1 1 1 2 2 1 2 3 3 3 4 4
3 1502728 1 3 1 1 1 1 2 2 1 2 3 3 3 4 4
3 1502976 1 2 1 1 1 1 2 3 0 3 3 3 3 4 4
3 1502976 2 3 1 1 1 1 2 2 0 3 3 3 3 4 4
3 1503008 1 2 1 1 1 1 2 3 1 3 3 3 3 4 5
3 1535240 1 3 1 1 1 1 2 2 1 2 3 3 3 4 4
3 1536416 1 3 1 1 1 1 2 2 1 2 3 3 3 4 4
3 1537160 1 3 1 1 1 1 2 2 1 2 3 3 3 4 4
3 1537284 1 3 1 1 1 1 2 2 1 2 3 3 3 4 4
3 1562112 1 3 1 1 1 1 2 2 0 2 2 3 3 4 4
3 1569792 1 3 1 1 1 1 2 2 0 1 3 3 3 4 4
3 1569793 1 3 1 1 1 1 2 2 1 2 3 3 3 4 4
3 1695536 1 1 1 1 1 2 2 3 2 3 3 3 4 4 5
3 1701668 1 1 1 1 1 2 2 3 2 3 3 3 4 4 5
3 1759760 1 2 3 1 1 1 1 2 1 1 3 3 3 3 4
3 1763600 1 2 3 1 1 1 1 2 1 1 3 3 3 3 4
3 1764096 1 2 3 1 1 1 1 2 0 2 3 3 3 3 4
3 1764096 1 3 1 1 1 1 2 2 0 2 3 3 3 3 4
3 1764096 1 3 1 1 2 1 1 2 0 2 3 3 3 3 4
3 1764096 1 3 2 1 1 1 1 2 0 2 3 3 3 3 4
3 1765120 1 2 1 1 1 1 2 3 0 3 3 3 3 3 5
3 1765136 1 2 1 1 1 1 2 3 1 3 3 3 3 4 5
3 1765144 1 1 1 1 1 2 2 3 2 3 3 3 4 4 5
3 1767188 1 1 1 1 1 2 2 3 2 3 3 3 4 4 5
3 1797896 1 2 1 1 1 1 2 3 1 3 3 3 3 4 5
3 1799940 1 2 1 1 1 1 2 3 1 3 3 3 3 4 5
3 1815552 1 2 3 1 1 1 1 2 0 1 2 3 3 3 4
3 1815552 1 3 2 1 1 1 1 2 0 1 2 3 3 3 4
3 1823232 1 2 3 1 1 1 1 2 0 1 2 3 3 3 4
3 1823232 1 3 2 1 1 1 1 2 0 1 2 3 3 3 4
3 1830912 1 2 2 1 1 1 1 3 0 0 3 3 3 3 4
3 1830912 2 2 3 1 1 1 1 2 0 0 3 3 3 3 4
3 1830913 1 2 3 1 1 1 1 2 1 1 3 3 3 3 4
3 1831936 1 2 2 1 1 1 1 3 0 1 3 3 3 3 5
3 1832448 1 2 1 1 1 1 2 3 0 2 3 3 3 4 5
3 1875572 1 1 1 1 1 2 2 3 3 3 3 3 4 4 4
3 1875572 1 1 1 1 1 3 2 2 3 3 3 3 4 4 4
3 1879288 1 1 1 1 1 2 2 3 3 3 3 3 4 4 4
3 1879412 1 1 1 1 1 2 2 3 3 3 3 3 4 4 4
3 1879412 1 1 1 1 1 2 3 2 3 3 3 3 4 4 4
3 1879474 1 1 1 1 1 2 2 3 3 3 3 3 4 4 4
3 1879474 1 1 1 1 1 2 3 2 3 3 3 3 4 4 4
3 1892016 1 1 1 1 1 2 2 3 2 3 3 3 4 4 5
3 1896104 1 1 1 1 1 2 2 3 2 3 3 3 4 4 5
3 1896228 1 1 1 1 1 2 2 3 2 3 3 3 4 4 5
3 1953136 1 1 1 1 1 2 2 3 2 3 3 3 4 4 5
3 1953570 1 1 1 1 1 2 2 3 2 3 3 3 4 4 5
3 1955428 1 1 1 1 1 2 2 3 2 3 3 3 4 4 5
3 1955490 1 1 1 1 1 2 2 3 2 3 3 3 4 4 5
3 1990296 1 1 1 1 1 2 2 3 2 3 3 3 4 4 5
3 1990420 1 1 1 1 1 2 2 3 2 3 3 3 4 4 5
3 2020948 1 1 1 1 1 2 2 3 2 3 3 3 4 4 5
3 2022929 1 1 1 1 1 2 2 3 2 3 3 3 4 4 5
3 2023424 1 2 3 1 1 1 1 2 0 0 2 2 3 3 4
3 2025222 1 1 1 1 1 2 2 3 2 3 3 3 4 4 5
3 2039296 1 3 1 1 1 1 2 2 0 2 2 3 3 4 4
3 2043136 1 3 1 1 1 1 2 2 0 2 2 3 3 4 4
3 2056392 1 3 1 1 1 1 2 2 1 2 3 3 3 4 4
3 2058496 1 3 1 1 1 1 2 2 0 1 3 3 3 4 4
3 2058497 1 3 1 1 1 1 2 2 1 2 3 3 3 4 4
3 2059520 1 2 1 1 1 1 2 3 0 2 3 3 3 4 5
3 2073664 1 3 1 1 1 1 2 2 0 2 2 3 3 4 4
3 2080768 1 2 3 1 1 1 1 2 0 0 1 3 3 3 4
3 2080832 1 2 3 1 1 1 1 2 0 1 2 3 3 3 4
3 2080832 1 3 2 1 1 1 1 2 0 1 2 3 3 3 4
4 259896 1 1 1 1 2 2 2 2 3 3 3 3 4 4 4
4 454456 1 1 1 1 2 2 2 2 3 3 3 3 4 4 4
4 454456 1 1 2 1 1 2 2 2 3 3 3 3 4 4 4
4 515888 1 1 1 1 2 2 2 2 2 3 3 4 4 4 4
4 522016 1 2 1 1 1 2 2 2 1 3 3 3 4 4 4
4 522020 1 1 1 1 2 2 2 2 2 3 3 4 4 4 4
4 847544 1 1 1 1 2 2 2 2 3 3 3 3 4 4 4
4 847544 1 1 1 2 1 2 2 2 3 3 3 3 4 4 4
4 847544 1 2 1 1 1 2 2 2 3 3 3 3 4 4 4
4 876216 1 1 1 1 2 2 2 2 3 3 3 3 4 4 4
4 876216 1 1 1 2 1 2 2 2 3 3 3 3 4 4 4
4 876216 1 1 2 1 1 2 2 2 3 3 3 3 4 4 4
4 876216 1 2 1 1 1 2 2 2 3 3 3 3 4 4 4
4 906868 1 1 1 1 2 2 2 2 3 3 3 3 4 4 4
4 906868 1 1 2 1 1 2 2 2 3 3 3 3 4 4 4
4 908849 1 1 1 1 2 2 2 2 3 3 3 3 4 4 4
4 908849 1 1 2 1 1 2 2 2 3 3 3 3 4 4 4
4 913184 1 2 1 1 1 2 2 2 1 3 3 3 4 4 4
4 998832 1 1 1 1 2 2 2 2 2 3 3 4 4 4 4
4 999080 1 1 1 1 2 2 2 2 2 3 3 4 4 4 4
4 1011456 1 2 1 1 1 2 2 2 0 3 3 3 3 4 4
4 1011464 1 2 1 1 1 2 2 2 1 3 3 3 4 4 4
4 1013508 1 2 1 1 1 2 2 2 1 3 3 3 4 4 4
4 1023600 1 1 1 1 2 2 2 2 2 3 3 4 4 4 4
4 1027440 1 1 1 1 2 2 2 2 2 3 3 4 4 4 4
4 1027688 1 1 1 1 2 2 2 2 2 3 3 4 4 4 4
4 1027874 1 1 1 1 2 2 2 2 2 3 3 4 4 4 4
4 1031713 1 1 1 1 2 2 2 2 2 3 3 4 4 4 4
4 1041996 1 1 1 1 2 2 2 2 2 3 3 4 4 4 4
4 1042058 1 1 1 1 2 2 2 2 2 3 3 4 4 4 4
4 1046016 1 2 1 1 1 2 2 2 0 2 3 3 4 4 4
4 1308416 1 2 1 1 1 2 2 2 0 3 3 3 3 4 4
4 1308416 1 2 1 1 2 1 2 2 0 3 3 3 3 4 4
4 1502976 1 2 1 1 1 2 2 2 0 3 3 3 3 4 4
4 1502976 1 2 1 2 1 1 2 2 0 3 3 3 3 4 4
4 1569792 1 2 2 1 1 1 2 2 0 1 3 3 3 4 4
4 1830912 1 2 2 1 1 1 2 2 0 0 3 3 3 3 4
4 1850804 1 1 1 1 2 2 2 2 3 3 3 3 4 4 4
4 1850804 1 1 1 2 1 2 2 2 3 3 3 3 4 4 4
4 1875572 1 1 1 1 2 2 2 2 3 3 3 3 4 4 4
4 1875572 1 1 2 1 1 2 2 2 3 3 3 3 4 4 4
4 1879288 1 1 1 1 2 2 2 2 3 3 3 3 4 4 4
4 1879288 1 2 1 1 1 2 2 2 3 3 3 3 4 4 4
4 1879412 1 1 1 1 2 2 2 2 3 3 3 3 4 4 4
4 1879412 1 1 2 1 1 2 2 2 3 3 3 3 4 4 4
4 1879474 1 1 1 1 2 2 2 2 3 3 3 3 4 4 4
4 1879474 1 1 2 1 1 2 2 2 3 3 3 3 4 4 4
4 1883808 1 2 1 1 1 2 2 2 1 3 3 3 4 4 4
4 1896072 1 2 1 1 1 2 2 2 1 3 3 3 4 4 4
4 1896196 1 2 1 1 1 2 2 2 1 3 3 3 4 4 4
4 1955396 1 2 1 1 1 2 2 2 1 3 3 3 4 4 4
4 1957376 1 2 1 1 1 2 2 2 0 2 3 3 4 4 4
4 1963136 1 2 1 1 1 2 2 2 0 2 3 3 4 4 4
4 2058496 1 2 2 1 1 1 2 2 0 1 3 3 3 4 4
4 2064384 1 2 2 2 1 1 1 2 0 0 0 3 3 3 3
4 2067298 1 1 1 1 2 2 2 2 2 3 3 4 4 4 4
4 2072067 1 1 1 1 2 2 2 2 2 3 3 4 4 4 4
4 2080768 1 2 2 2 1 1 1 2 0 0 1 3 3 3 4
4 2088960 1 2 2 1 1 1 2 2 0 0 2 3 3 4 4
