124
0 232 15 18 1 15 0 1 1 3 3 3 3 3 3 3 3 3 3 3 3 18 1 1 1 1 1 1 1 1 1 3 3 3 3 3 3 3 3 3 18 0 0 0 0 0 1 1 1 2 2 2 2 3 3 6 6 6 6
0 978 15 18 1 15 1 2 2 3 3 3 3 3 3 3 3 4 4 4 4 18 1 1 1 1 1 1 1 1 2 3 3 3 3 3 4 4 4 6 18 0 0 1 1 1 1 1 1 3 3 3 3 7 7 4 5 5 5
0 979 15 18 1 15 1 2 2 3 3 3 3 3 3 3 3 4 4 4 4 18 1 1 1 1 1 1 1 1 2 3 3 3 3 3 4 4 5 5 18 0 0 1 1 1 1 1 1 3 3 3 3 7 7 4 5 5 5
0 1312 15 18 1 15 1 2 2 3 3 3 3 3 3 3 4 4 4 4 4 18 1 1 1 1 1 1 1 1 2 3 3 3 3 4 4 4 4 6 18 0 0 1 1 1 1 1 1 3 3 3 6 7 5 5 5 6 3
0 1313 15 18 1 15 1 2 2 3 3 3 3 3 3 3 4 4 4 4 4 18 1 1 1 1 1 1 1 1 2 3 3 3 3 4 4 4 5 5 18 0 0 1 1 1 1 1 1 3 3 3 6 7 5 5 5 3 6
0 1315 15 18 1 15 1 2 2 3 3 3 3 3 3 3 4 4 4 4 4 18 1 1 1 1 1 1 1 1 2 3 3 3 4 4 4 4 4 5 18 0 0 1 1 1 1 1 1 3 3 5 6 3 5 5 6 7 3
0 1316 15 18 1 15 1 2 2 3 3 3 3 3 3 3 4 4 4 4 4 18 1 1 1 1 1 1 1 1 2 3 3 4 4 4 4 4 4 4 18 0 0 1 1 1 1 1 1 3 3 7 3 3 3 5 5 7 7
0 2034 15 18 1 15 1 2 2 2 2 3 3 4 4 4 4 4 4 4 4 18 1 1 1 1 1 1 1 1 2 3 4 4 4 4 4 4 4 4 18 0 0 1 1 1 1 1 1 4 5 3 3 3 3 6 6 7 7
0 2043 15 18 1 15 1 2 2 2 3 3 3 4 4 4 4 4 4 4 4 18 1 1 1 1 1 1 1 1 2 3 4 4 4 4 4 4 4 5 18 0 0 1 1 1 1 1 1 3 6 3 3 3 3 6 6 8 7
0 2044 15 18 1 15 1 2 2 2 3 3 3 4 4 4 4 4 4 4 4 18 1 1 1 1 1 1 1 1 2 4 4 4 4 4 4 4 4 4 18 0 0 1 1 1 1 1 1 3 3 3 3 6 6 6 6 6 6
0 2045 15 18 1 15 1 2 2 2 3 3 3 4 4 4 4 4 4 4 4 18 1 1 1 1 1 1 1 1 3 3 4 4 4 4 4 4 4 4 18 0 0 1 1 1 1 1 1 3 6 2 3 3 5 5 7 7 7
0 2070 15 18 1 15 1 2 3 3 3 3 3 4 4 4 4 4 4 4 4 18 1 1 1 1 1 1 1 2 3 3 4 4 4 4 4 4 4 5 18 0 1 1 1 1 1 1 1 4 7 3 3 3 3 6 8 8 4
0 2139 15 18 1 15 2 3 3 3 3 3 3 4 4 4 4 4 4 4 4 18 1 1 1 1 1 1 3 3 3 3 4 4 4 4 4 4 4 4 18 0 0 0 0 0 0 4 6 7 7 2 2 2 2 6 7 7 7
0 2167 15 18 1 15 3 3 3 3 3 3 3 4 4 4 4 4 4 4 4 18 1 1 1 1 1 1 3 3 3 3 4 4 4 4 4 4 4 5 18 0 0 0 0 0 0 4 6 7 7 2 2 2 2 7 7 7 7
0 2183 15 18 1 15 1 2 2 2 2 3 4 4 4 4 4 4 4 4 4 18 1 1 1 1 1 1 1 1 2 3 4 4 4 4 4 4 4 5 18 0 0 1 1 1 1 1 1 3 6 3 3 3 3 6 7 8 6
0 2184 15 18 1 15 1 2 2 2 2 3 4 4 4 4 4 4 4 4 4 18 1 1 1 1 1 1 1 1 2 4 4 4 4 4 4 4 4 4 18 0 0 1 1 1 1 1 1 3 3 3 3 3 6 6 6 7 8
0 2185 15 18 1 15 1 2 2 2 2 3 4 4 4 4 4 4 4 4 4 18 1 1 1 1 1 1 1 1 3 3 4 4 4 4 4 4 4 4 18 0 0 1 1 1 1 1 1 5 5 3 3 3 3 6 6 7 7
0 2284 15 18 1 15 1 2 3 3 3 3 4 4 4 4 4 4 4 4 4 18 1 1 1 1 1 1 1 2 3 3 4 4 4 4 4 4 4 6 18 0 0 1 1 1 1 1 2 3 3 5 5 5 5 7 7 7 3
0 2285 15 18 1 15 1 2 3 3 3 3 4 4 4 4 4 4 4 4 4 18 1 1 1 1 1 1 1 2 3 3 4 4 4 4 4 4 5 5 18 0 0 1 1 1 1 1 2 5 5 3 3 6 6 8 8 3 3
0 2287 15 18 1 15 1 2 3 3 3 3 4 4 4 4 4 4 4 4 4 18 1 1 1 1 1 1 1 2 3 4 4 4 4 4 4 4 4 5 18 0 1 1 1 1 1 1 1 6 3 3 3 3 3 8 8 8 5
0 2288 15 18 1 15 1 2 3 3 3 3 4 4 4 4 4 4 4 4 4 18 1 1 1 1 1 1 1 2 4 4 4 4 4 4 4 4 4 4 18 0 1 1 1 1 1 1 1 3 3 3 3 3 7 7 7 7 7
0 2331 15 18 1 15 2 2 3 3 3 3 4 4 4 4 4 4 4 4 4 18 1 1 1 1 1 2 2 3 3 3 4 4 4 4 4 4 4 4 18 0 0 0 0 0 2 2 4 5 6 2 2 2 5 7 7 7 7
0 2547 15 18 1 15 1 2 2 3 3 4 4 4 4 4 4 4 4 4 4 18 1 1 1 1 1 1 1 2 3 4 4 4 4 4 4 4 4 5 18 0 0 1 1 1 1 1 3 3 3 3 3 5 5 7 7 7 5
0 2548 15 18 1 15 1 2 2 3 3 4 4 4 4 4 4 4 4 4 4 18 1 1 1 1 1 1 1 2 4 4 4 4 4 4 4 4 4 4 18 0 0 1 1 1 1 1 3 3 3 3 3 5 5 5 6 7 8
0 2550 15 18 1 15 1 2 2 3 3 4 4 4 4 4 4 4 4 4 4 18 1 1 1 1 1 1 2 2 3 4 4 4 4 4 4 4 4 4 18 0 0 1 1 1 1 2 3 2 2 3 4 5 6 6 6 6 6
0 2564 15 18 1 15 2 2 2 3 3 4 4 4 4 4 4 4 4 4 4 18 1 1 1 1 1 2 2 2 3 4 4 4 4 4 4 4 4 4 18 0 0 0 0 0 2 3 3 4 4 6 6 6 6 6 6 6 6
0 2571 15 18 1 15 0 2 3 3 3 4 4 4 4 4 4 4 4 4 4 18 1 1 1 1 1 1 1 2 3 4 4 4 4 4 4 4 4 4 18 0 0 1 1 1 1 1 2 4 3 3 3 3 5 6 8 8 8
0 2581 15 18 1 15 1 2 3 3 3 4 4 4 4 4 4 4 4 4 4 18 1 1 1 1 1 1 1 2 4 4 4 4 4 4 4 4 4 5 18 0 0 1 1 1 1 1 2 3 3 3 3 5 5 8 8 8 5
0 2770 15 18 1 15 1 2 2 3 4 4 4 4 4 4 4 4 4 4 4 18 1 1 1 1 1 1 1 2 3 4 4 4 4 4 4 4 4 6 18 0 0 1 1 1 1 1 3 3 2 3 3 6 7 7 7 7 5
0 2771 15 18 1 15 1 2 2 3 4 4 4 4 4 4 4 4 4 4 4 18 1 1 1 1 1 1 1 2 3 4 4 4 4 4 4 4 5 5 18 0 0 1 1 1 1 1 3 3 2 2 6 7 7 7 7 3 6
0 2773 15 18 1 15 1 2 2 3 4 4 4 4 4 4 4 4 4 4 4 18 1 1 1 1 1 1 1 2 4 4 4 4 4 4 4 4 4 5 18 0 0 1 1 1 1 1 3 2 3 3 3 6 7 7 7 7 5
0 2779 15 18 1 15 1 2 2 3 4 4 4 4 4 4 4 4 4 4 4 18 1 1 1 1 1 1 2 2 4 4 4 4 4 4 4 4 4 4 18 0 0 1 1 1 1 2 3 2 3 3 5 5 5 6 6 6 6
0 2839 15 18 1 15 0 2 3 3 4 4 4 4 4 4 4 4 4 4 4 18 1 1 1 1 1 1 1 2 4 4 4 4 4 4 4 4 4 4 18 0 0 1 1 1 1 1 2 3 3 3 3 5 5 6 8 8 8
0 3178 15 18 1 15 1 2 2 4 4 4 4 4 4 4 4 4 4 4 4 18 1 1 1 1 1 1 1 2 4 4 4 4 4 4 4 4 4 6 18 0 0 1 1 1 1 1 3 3 3 3 3 3 6 8 8 8 6
0 3179 15 18 1 15 1 2 2 4 4 4 4 4 4 4 4 4 4 4 4 18 1 1 1 1 1 1 1 2 4 4 4 4 4 4 4 4 5 5 18 0 0 1 1 1 1 1 3 2 3 3 6 6 7 7 7 5 5
0 3184 15 18 1 15 1 2 2 4 4 4 4 4 4 4 4 4 4 4 4 18 1 1 1 1 1 1 2 2 4 4 4 4 4 4 4 4 4 5 18 0 0 1 1 1 1 2 3 3 3 3 5 5 6 6 6 6 5
0 3186 15 18 1 15 1 2 2 4 4 4 4 4 4 4 4 4 4 4 4 18 1 1 1 1 1 2 2 2 4 4 4 4 4 4 4 4 4 4 18 0 1 1 1 1 1 2 2 3 3 3 5 5 5 6 6 6 6
0 3344 15 18 1 15 1 3 3 4 4 4 4 4 4 4 4 4 4 4 4 18 1 1 1 1 1 1 3 3 4 4 4 4 4 4 4 4 4 5 18 0 0 1 1 1 1 2 3 2 3 3 6 6 6 6 6 7 5
0 3349 15 18 1 15 1 3 3 4 4 4 4 4 4 4 4 4 4 4 4 18 1 1 1 1 1 2 3 3 4 4 4 4 4 4 4 4 4 4 18 0 1 1 1 1 1 2 2 2 3 3 6 6 6 6 6 6 6
0 4629 15 18 1 15 1 3 3 4 4 4 4 4 4 4 4 4 5 5 5 18 1 1 1 1 1 1 2 3 4 4 4 4 4 5 5 5 5 5 18 0 1 1 1 1 1 1 3 3 7 7 7 7 3 3 3 7 8
0 4687 15 18 1 15 1 3 4 4 4 4 4 4 4 4 4 4 5 5 5 18 1 1 1 1 1 1 2 4 4 4 4 4 4 5 5 5 5 5 18 0 1 1 1 1 1 1 3 3 6 6 8 8 3 3 3 8 8
0 4888 15 18 1 15 1 3 3 3 3 3 3 4 4 4 4 5 5 5 5 18 1 1 1 1 1 1 1 3 3 3 4 4 4 5 5 5 5 5 18 0 0 1 1 1 1 1 3 3 3 3 3 7 6 7 7 7 7
0 5167 15 18 1 15 1 3 4 4 4 4 4 4 4 4 4 5 5 5 5 18 1 1 1 1 1 1 3 4 4 4 4 4 4 5 5 5 5 5 18 0 0 1 1 1 1 2 2 3 3 7 7 7 6 6 6 6 7
0 5216 15 18 1 15 1 4 4 4 4 4 4 4 4 4 4 5 5 5 5 18 1 1 1 1 1 1 4 4 4 4 4 4 4 5 5 5 5 5 18 0 0 1 1 1 1 2 3 3 3 3 7 8 4 7 7 7 7
0 5666 15 18 1 15 1 1 3 3 3 4 4 4 4 4 5 5 5 5 5 18 1 1 1 1 1 1 1 3 3 4 4 4 4 5 5 5 5 5 18 0 0 1 1 2 2 2 3 3 3 5 6 7 5 5 5 6 6
0 5694 15 18 1 15 0 3 3 3 3 4 4 4 4 4 5 5 5 5 5 18 1 1 1 1 1 1 2 3 3 4 4 4 4 5 5 5 5 5 18 0 1 1 1 1 1 1 3 3 3 3 3 7 7 7 7 7 8
0 5710 15 18 1 15 1 3 3 3 3 4 4 4 4 4 5 5 5 5 5 18 1 1 1 1 1 1 3 3 3 4 4 4 4 5 5 5 5 5 18 0 0 1 1 1 1 3 4 5 2 3 3 3 7 7 7 7 7
0 5802 15 18 1 15 1 1 3 3 4 4 4 4 4 4 5 5 5 5 5 18 1 1 1 1 1 1 1 3 4 4 4 4 4 5 5 5 5 5 18 0 0 1 1 2 2 2 2 3 3 4 8 8 5 5 5 6 6
0 5834 15 18 1 15 1 3 3 3 4 4 4 4 4 4 5 5 5 5 5 18 1 1 1 1 1 1 3 3 4 4 4 4 4 5 5 5 5 5 18 0 0 1 1 1 1 3 3 2 3 3 7 7 5 6 6 7 7
0 5915 15 18 1 15 1 2 2 4 4 4 4 4 4 4 5 5 5 5 5 18 1 1 1 1 1 1 2 3 4 4 4 4 4 5 5 5 5 5 18 0 0 1 1 1 1 3 3 3 3 7 7 7 5 5 5 6 6
0 5926 15 18 1 15 1 1 3 4 4 4 4 4 4 4 5 5 5 5 5 18 1 1 1 1 1 1 1 4 4 4 4 4 4 5 5 5 5 5 18 0 0 1 1 2 2 2 3 3 3 7 7 8 5 5 5 5 5
0 5932 15 18 1 15 0 2 3 4 4 4 4 4 4 4 5 5 5 5 5 18 1 1 1 1 1 1 2 3 4 4 4 4 4 5 5 5 5 5 18 0 0 1 1 1 1 2 3 3 3 7 7 7 5 5 5 7 7
0 5973 15 18 1 15 0 3 3 4 4 4 4 4 4 4 5 5 5 5 5 18 1 1 1 1 1 1 3 3 4 4 4 4 4 5 5 5 5 5 18 0 0 1 1 1 1 2 3 3 3 3 8 8 6 6 6 6 6
0 5993 15 18 1 15 1 3 3 4 4 4 4 4 4 4 5 5 5 5 5 18 1 1 1 1 1 2 3 3 4 4 4 4 4 5 5 5 5 5 18 0 1 1 1 1 1 3 3 2 4 7 7 7 5 5 6 6 6
0 6095 15 18 1 15 1 1 4 4 4 4 4 4 4 4 5 5 5 5 5 18 1 1 1 1 1 1 1 4 4 4 4 4 4 5 5 5 5 6 18 0 0 1 1 2 2 2 3 3 4 4 7 7 5 5 5 6 8
0 6102 15 18 1 15 1 2 4 4 4 4 4 4 4 4 5 5 5 5 5 18 1 1 1 1 1 1 3 4 4 4 4 4 4 5 5 5 5 5 18 0 0 1 1 1 1 2 2 3 3 7 7 7 6 6 6 6 7
0 6103 15 18 1 15 1 2 4 4 4 4 4 4 4 4 5 5 5 5 5 18 1 1 1 1 1 2 2 4 4 4 4 4 4 5 5 5 5 5 18 0 0 1 1 1 2 2 3 3 4 7 7 8 5 5 5 6 6
0 6133 15 18 1 15 1 3 4 4 4 4 4 4 4 4 5 5 5 5 5 18 1 1 1 1 1 1 3 4 4 4 4 4 4 5 5 5 5 6 18 0 0 1 1 1 1 2 3 3 3 7 7 8 6 6 6 6 6
0 6134 15 18 1 15 1 3 4 4 4 4 4 4 4 4 5 5 5 5 5 18 1 1 1 1 1 1 3 4 4 4 4 4 5 5 5 5 5 5 18 1 1 1 1 1 1 2 3 3 7 7 7 1 6 6 6 6 7
0 6135 15 18 1 15 1 3 4 4 4 4 4 4 4 4 5 5 5 5 5 18 1 1 1 1 1 1 4 4 4 4 4 4 4 5 5 5 5 5 18 0 0 1 1 1 1 2 3 3 3 3 7 7 6 6 7 7 7
0 6139 15 18 1 15 1 3 4 4 4 4 4 4 4 4 5 5 5 5 5 18 1 1 1 1 1 2 3 4 4 4 4 4 4 5 5 5 5 5 18 0 1 1 1 1 1 2 3 3 3 7 8 8 5 5 6 6 6
0 6261 15 18 1 15 1 4 4 4 4 4 4 4 4 4 5 5 5 5 5 18 1 1 1 1 1 1 4 4 4 4 4 4 4 5 5 5 5 6 18 0 0 1 1 1 1 2 3 3 3 3 7 7 7 7 7 7 6
0 6262 15 18 1 15 1 4 4 4 4 4 4 4 4 4 5 5 5 5 5 18 1 1 1 1 1 1 4 4 4 4 4 4 5 5 5 5 5 5 18 0 0 1 1 1 1 3 3 3 7 7 8 2 3 5 7 7 7
0 6273 15 18 1 15 1 4 4 4 4 4 4 4 4 4 5 5 5 5 5 18 1 1 1 1 1 2 4 4 4 4 4 4 4 5 5 5 5 5 18 0 1 1 1 1 1 2 3 3 3 3 7 7 5 7 7 7 7
0 6848 15 18 1 15 0 3 3 3 3 4 4 4 4 5 5 5 5 5 5 18 1 1 1 1 1 1 2 3 3 4 4 4 5 5 5 5 5 5 18 0 1 1 1 1 1 1 4 4 3 3 8 3 3 7 8 8 8
0 6952 15 18 1 15 1 1 3 3 4 4 4 4 4 5 5 5 5 5 5 18 1 1 1 1 1 1 1 3 4 4 4 4 5 5 5 5 5 5 18 0 0 0 1 2 2 2 3 3 6 6 7 4 4 6 6 6 6
0 6970 15 18 1 15 1 3 3 3 4 4 4 4 4 5 5 5 5 5 5 18 1 1 1 1 1 1 3 3 4 4 4 4 5 5 5 5 5 5 18 0 0 1 1 1 1 3 3 2 6 6 7 3 3 6 7 7 7
0 7015 15 18 1 15 1 2 2 4 4 4 4 4 4 5 5 5 5 5 5 18 1 1 1 1 1 1 2 3 4 4 4 4 5 5 5 5 5 5 18 0 0 1 1 1 1 3 3 3 6 6 7 2 6 6 6 6 7
0 7072 15 18 1 15 1 3 3 4 4 4 4 4 4 5 5 5 5 5 5 18 1 1 1 1 1 1 3 3 4 4 4 4 5 5 5 5 5 6 18 0 0 1 1 1 1 3 3 3 6 7 7 2 6 6 7 7 6
0 7073 15 18 1 15 1 3 3 4 4 4 4 4 4 5 5 5 5 5 5 18 1 1 1 1 1 1 3 3 4 4 4 5 5 5 5 5 5 5 18 0 0 1 1 1 1 3 3 3 6 8 3 6 6 6 6 6 7
0 7079 15 18 1 15 1 3 3 4 4 4 4 4 4 5 5 5 5 5 5 18 1 1 1 1 1 2 3 3 4 4 4 4 5 5 5 5 5 5 18 0 1 1 1 1 1 3 3 2 6 7 7 2 6 6 6 7 7
0 7188 15 18 1 15 1 2 4 4 4 4 4 4 4 5 5 5 5 5 5 18 1 1 1 1 1 1 3 4 4 4 4 4 5 5 5 5 5 5 18 1 1 1 1 1 1 2 3 3 7 7 7 1 6 6 6 6 7
0 7189 15 18 1 15 1 2 4 4 4 4 4 4 4 5 5 5 5 5 5 18 1 1 1 1 1 2 2 4 4 4 4 4 5 5 5 5 5 5 18 0 0 1 1 1 2 2 3 3 7 7 7 3 5 5 5 7 8
0 7209 15 18 1 15 0 3 4 4 4 4 4 4 4 5 5 5 5 5 5 18 1 1 1 1 1 1 3 4 4 4 4 4 5 5 5 5 5 5 18 0 0 1 1 1 1 2 3 3 6 8 8 3 6 6 6 6 6
0 7219 15 18 1 15 1 3 4 4 4 4 4 4 4 5 5 5 5 5 5 18 1 1 1 1 1 1 3 4 4 4 4 4 5 5 5 5 5 6 18 0 0 1 1 1 1 2 3 3 7 8 8 3 6 6 6 6 6
0 7220 15 18 1 15 1 3 4 4 4 4 4 4 4 5 5 5 5 5 5 18 1 1 1 1 1 1 3 4 4 4 4 5 5 5 5 5 5 5 18 0 0 1 1 1 1 2 3 7 8 8 3 3 6 6 6 6 6
0 7221 15 18 1 15 1 3 4 4 4 4 4 4 4 5 5 5 5 5 5 18 1 1 1 1 1 1 4 4 4 4 4 4 5 5 5 5 5 5 18 0 0 1 1 1 1 2 3 3 7 7 7 3 3 6 7 7 7
0 7225 15 18 1 15 1 3 4 4 4 4 4 4 4 5 5 5 5 5 5 18 1 1 1 1 1 2 3 4 4 4 4 4 5 5 5 5 5 5 18 0 1 1 1 1 1 2 3 3 7 7 8 3 6 6 6 6 6
0 7322 15 18 1 15 1 4 4 4 4 4 4 4 4 5 5 5 5 5 5 18 1 1 1 1 1 1 4 4 4 4 4 4 5 5 5 5 5 6 18 0 0 1 1 1 1 3 3 3 6 8 8 3 5 5 7 7 7
0 7323 15 18 1 15 1 4 4 4 4 4 4 4 4 5 5 5 5 5 5 18 1 1 1 1 1 1 4 4 4 4 4 5 5 5 5 5 5 5 18 0 0 1 1 1 1 3 3 6 7 8 2 3 3 7 7 7 7
0 7327 15 18 1 15 1 4 4 4 4 4 4 4 4 5 5 5 5 5 5 18 1 1 1 1 1 2 4 4 4 4 4 4 5 5 5 5 5 5 18 0 1 1 1 1 1 2 3 3 7 7 7 3 3 6 7 7 7
0 7611 15 18 1 15 1 1 3 3 4 4 4 4 5 5 5 5 5 5 5 18 1 1 1 1 1 1 1 3 4 4 4 5 5 5 5 5 5 5 18 0 1 1 1 2 2 2 4 4 5 6 3 3 6 6 7 7 8
0 7624 15 18 1 15 1 3 3 3 4 4 4 4 5 5 5 5 5 5 5 18 1 1 1 1 1 1 3 3 4 4 4 5 5 5 5 5 5 5 18 0 0 1 1 1 1 3 3 3 5 7 2 3 7 7 7 7 7
0 7682 15 18 1 15 1 2 3 4 4 4 4 4 5 5 5 5 5 5 5 18 1 1 1 1 1 1 3 3 4 4 4 5 5 5 5 5 5 5 18 0 0 1 1 1 1 3 3 3 6 6 3 6 6 6 7 7 7
0 7721 15 18 1 15 1 3 3 4 4 4 4 4 5 5 5 5 5 5 5 18 1 1 1 1 1 1 3 3 4 4 4 5 5 5 5 5 5 6 18 0 0 1 1 1 1 3 3 3 6 6 3 6 6 7 7 7 7
0 7722 15 18 1 15 1 3 3 4 4 4 4 4 5 5 5 5 5 5 5 18 1 1 1 1 1 1 3 3 4 4 5 5 5 5 5 5 5 5 18 0 0 1 1 1 1 3 3 6 7 3 3 6 6 6 7 7 7
0 7728 15 18 1 15 1 3 3 4 4 4 4 4 5 5 5 5 5 5 5 18 1 1 1 1 1 2 3 3 4 4 4 5 5 5 5 5 5 5 18 0 1 1 1 1 1 3 3 3 3 7 6 6 6 6 6 7 7
0 7855 15 18 1 15 1 3 4 4 4 4 4 4 5 5 5 5 5 5 5 18 1 1 1 1 1 1 4 4 4 4 4 5 5 5 5 5 5 5 18 0 0 1 1 1 1 3 3 7 7 7 2 3 3 7 7 7 7
0 7928 15 18 1 15 1 4 4 4 4 4 4 4 5 5 5 5 5 5 5 18 1 1 1 1 1 1 4 4 4 4 5 5 5 5 5 5 5 5 18 0 0 1 1 1 1 3 3 7 8 2 3 3 7 7 7 7 7
0 7932 15 18 1 15 1 4 4 4 4 4 4 4 5 5 5 5 5 5 5 18 1 1 1 1 1 2 4 4 4 4 4 5 5 5 5 5 5 5 18 0 1 1 1 1 1 2 3 7 7 7 3 3 3 7 7 7 7
0 8254 15 18 1 15 1 1 4 4 4 4 4 5 5 5 5 5 5 5 5 18 1 1 1 1 1 1 2 4 4 4 5 5 5 5 5 5 5 5 18 1 1 2 2 2 2 2 5 5 5 3 3 3 3 6 9 9 9
0 8281 15 18 1 15 1 3 4 4 4 4 4 5 5 5 5 5 5 5 5 18 1 1 1 1 1 1 4 4 4 4 5 5 5 5 5 5 5 5 18 0 0 1 1 1 1 3 3 3 3 2 7 7 7 7 8 8 8
0 8353 15 18 1 15 1 4 4 4 4 4 4 5 5 5 5 5 5 5 5 18 1 1 1 1 1 1 4 4 4 4 5 5 5 5 5 5 5 6 18 1 1 1 1 1 1 6 6 6 7 3 3 3 7 7 8 8 1
0 8358 15 18 1 15 1 4 4 4 4 4 4 5 5 5 5 5 5 5 5 18 1 1 1 1 1 2 4 4 4 4 5 5 5 5 5 5 5 5 18 0 1 1 1 1 1 3 6 6 7 3 3 3 6 7 7 7 8
0 8622 15 18 1 15 1 3 3 4 4 4 5 5 5 5 5 5 5 5 5 18 1 1 1 1 1 1 3 4 4 5 5 5 5 5 5 5 5 5 18 0 0 1 1 1 1 3 6 6 3 3 3 7 7 7 7 7 7
0 8671 15 18 1 15 1 3 4 4 4 4 5 5 5 5 5 5 5 5 5 18 1 1 1 1 1 1 4 4 4 5 5 5 5 5 5 5 5 5 18 1 1 1 1 1 1 3 3 6 1 3 7 7 7 7 7 7 7
0 8732 15 18 1 15 0 4 4 4 4 4 5 5 5 5 5 5 5 5 5 18 1 1 1 1 1 1 4 4 4 5 5 5 5 5 5 5 5 5 18 0 0 1 1 1 1 5 6 6 3 3 3 3 7 7 8 8 9
0 9013 15 18 1 15 1 3 3 3 4 5 5 5 5 5 5 5 5 5 5 18 1 1 1 1 1 1 3 3 5 5 5 5 5 5 5 5 5 5 18 1 1 1 1 1 1 3 3 1 2 6 7 7 7 7 7 7 7
0 9084 15 18 1 15 1 2 3 4 4 5 5 5 5 5 5 5 5 5 5 18 1 1 1 1 1 1 3 4 4 5 5 5 5 5 5 5 5 5 18 1 1 1 1 1 1 3 3 3 1 5 7 7 7 7 7 7 7
0 9104 15 18 1 15 1 3 3 4 4 5 5 5 5 5 5 5 5 5 5 18 1 1 1 1 1 1 3 4 4 5 5 5 5 5 5 5 5 6 18 1 1 1 1 1 1 3 3 3 6 7 7 7 7 7 7 7 1
0 9105 15 18 1 15 1 3 3 4 4 5 5 5 5 5 5 5 5 5 5 18 1 1 1 1 1 1 3 4 5 5 5 5 5 5 5 5 5 5 18 1 1 1 1 1 1 3 3 1 3 6 7 7 7 7 7 7 7
0 9106 15 18 1 15 1 3 3 4 4 5 5 5 5 5 5 5 5 5 5 18 1 1 1 1 1 1 4 4 4 5 5 5 5 5 5 5 5 5 18 1 1 1 1 1 1 3 3 3 1 6 7 7 7 7 7 7 7
0 9107 15 18 1 15 1 3 3 4 4 5 5 5 5 5 5 5 5 5 5 18 1 1 1 1 1 2 3 4 4 5 5 5 5 5 5 5 5 5 18 0 1 1 1 1 1 3 3 3 3 6 6 7 7 7 7 7 7
0 9169 15 18 1 15 1 2 4 4 4 5 5 5 5 5 5 5 5 5 5 18 1 1 1 1 1 1 4 4 4 5 5 5 5 5 5 5 5 5 18 1 1 1 1 1 1 3 3 3 1 6 7 7 7 7 7 7 7
0 9190 15 18 1 15 0 3 4 4 4 5 5 5 5 5 5 5 5 5 5 18 1 1 1 1 1 1 4 4 4 5 5 5 5 5 5 5 5 5 18 0 0 1 1 1 1 3 3 5 2 3 3 7 8 8 8 8 8
0 9338 15 18 1 15 0 4 4 4 4 5 5 5 5 5 5 5 5 5 5 18 1 1 1 1 1 1 4 4 4 5 5 5 5 5 5 5 5 6 18 0 0 1 1 1 1 3 3 3 2 7 7 7 8 8 8 8 3
0 9339 15 18 1 15 0 4 4 4 4 5 5 5 5 5 5 5 5 5 5 18 1 1 1 1 1 1 4 4 5 5 5 5 5 5 5 5 5 5 18 0 0 1 1 1 1 3 3 2 3 3 7 7 7 8 8 8 8
0 9340 15 18 1 15 0 4 4 4 4 5 5 5 5 5 5 5 5 5 5 18 1 1 1 1 1 2 4 4 4 5 5 5 5 5 5 5 5 5 18 0 1 1 1 1 1 3 3 3 2 2 7 7 7 8 8 8 8
0 9552 15 18 1 15 1 2 3 3 5 5 5 5 5 5 5 5 5 5 5 18 1 1 1 1 1 1 3 3 5 5 5 5 5 5 5 5 5 5 18 1 1 1 1 1 1 3 3 1 2 6 7 7 7 7 7 7 7
0 9571 15 18 1 15 1 3 3 3 5 5 5 5 5 5 5 5 5 5 5 18 1 1 1 1 1 1 3 3 5 5 5 5 5 5 5 5 5 6 18 1 1 1 1 1 1 3 3 1 6 7 7 7 7 7 7 7 3
0 9572 15 18 1 15 1 3 3 3 5 5 5 5 5 5 5 5 5 5 5 18 1 1 1 1 1 1 3 4 5 5 5 5 5 5 5 5 5 5 18 1 1 1 1 1 1 3 3 1 3 6 7 7 7 7 7 7 7
0 9573 15 18 1 15 1 3 3 3 5 5 5 5 5 5 5 5 5 5 5 18 1 1 1 1 1 2 3 3 5 5 5 5 5 5 5 5 5 5 18 0 1 1 1 1 1 3 3 3 3 6 6 7 7 7 7 7 7
0 9714 15 18 1 15 0 3 4 4 5 5 5 5 5 5 5 5 5 5 5 18 1 1 1 1 1 1 4 4 5 5 5 5 5 5 5 5 5 5 18 0 0 1 1 1 1 3 3 2 3 3 7 7 7 8 8 8 8
0 9851 15 18 1 15 0 4 4 4 5 5 5 5 5 5 5 5 5 5 5 18 1 1 1 1 1 2 4 4 5 5 5 5 5 5 5 5 5 5 18 0 1 1 1 1 1 3 3 2 3 3 7 7 7 8 8 8 8
0 10043 15 18 1 15 0 2 3 5 5 5 5 5 5 5 5 5 5 5 5 18 1 1 1 1 1 1 3 4 5 5 5 5 5 5 5 5 5 5 18 0 0 1 1 1 1 3 3 3 3 6 7 7 7 7 7 7 8
0 10067 15 18 1 15 0 3 3 5 5 5 5 5 5 5 5 5 5 5 5 18 1 1 1 1 1 1 4 4 5 5 5 5 5 5 5 5 5 5 18 0 0 1 1 1 1 3 3 2 3 3 7 8 8 8 8 8 8
0 10068 15 18 1 15 0 3 3 5 5 5 5 5 5 5 5 5 5 5 5 18 1 1 1 1 1 2 3 4 5 5 5 5 5 5 5 5 5 5 18 0 1 1 1 1 1 3 3 3 3 7 7 7 7 7 7 7 7
0 10210 15 18 1 15 0 2 4 5 5 5 5 5 5 5 5 5 5 5 5 18 1 1 1 1 1 1 4 4 5 5 5 5 5 5 5 5 5 5 18 0 0 1 1 1 1 3 3 2 3 3 7 8 8 8 8 8 8
0 10276 15 18 1 15 0 3 4 5 5 5 5 5 5 5 5 5 5 5 5 18 1 1 1 1 1 2 4 4 5 5 5 5 5 5 5 5 5 5 18 0 1 1 1 1 1 3 3 2 3 3 7 8 8 8 8 8 8
0 10509 15 18 1 15 0 4 4 5 5 5 5 5 5 5 5 5 5 5 5 18 1 1 1 1 1 2 4 4 5 5 5 5 5 5 5 5 5 6 18 0 1 1 1 1 1 3 3 3 3 7 8 8 8 8 8 8 3
0 10510 15 18 1 15 0 4 4 5 5 5 5 5 5 5 5 5 5 5 5 18 1 1 1 1 1 2 4 5 5 5 5 5 5 5 5 5 5 5 18 0 1 1 1 1 1 3 3 3 3 3 7 8 8 8 8 8 8
0 10845 15 18 1 15 1 1 5 5 5 5 5 5 5 5 5 5 5 5 5 18 1 1 1 1 1 1 3 5 5 5 5 5 5 5 5 5 5 6 18 1 1 2 2 2 2 2 4 5 6 6 6 6 6 6 6 10 4
0 11079 15 18 1 15 1 4 5 5 5 5 5 5 5 5 5 5 5 5 5 18 1 1 1 1 1 4 4 5 5 5 5 5 5 5 5 5 5 5 18 1 1 1 1 1 2 2 1 3 7 7 7 7 7 7 7 7 8
1 18 15 19 2 15 1 3 3 4 4 4 4 4 4 4 4 4 4 4 4 19 1 1 1 1 1 1 1 1 3 4 4 4 4 4 4 4 4 4 4 19 0 0 1 1 1 1 1 1 3 3 3 3 3 6 6 6 6 8 8
